%time,field.linear.x,field.linear.y,field.linear.z,field.angular.x,field.angular.y,field.angular.z
1663722021904978570,0.0,0.0,0.0,0.0,0.0,0.0
1663722021925235753,0.0,0.0,0.0,0.0,0.0,0.0
1663722021945392319,0.0,0.0,0.0,0.0,0.0,0.0
1663722021965581454,0.0,0.0,0.0,0.0,0.0,0.0
1663722021985819154,0.0,0.0,0.0,0.0,0.0,0.0
1663722022005914865,0.0,0.0,0.0,0.0,0.0,0.0
1663722022026111257,0.0,0.0,0.0,0.0,0.0,0.0
1663722022046342045,0.0,0.0,0.0,0.0,0.0,0.0
1663722022067225137,0.0,0.0,0.0,0.0,0.0,0.0
1663722022086855013,0.0,0.0,0.0,0.0,0.0,0.0
1663722022107097662,0.0,0.0,0.0,0.0,0.0,0.0
1663722022127185784,0.0,0.0,0.0,0.0,0.0,0.0
1663722022147410067,0.0,0.0,0.0,0.0,0.0,0.0
1663722022167595892,0.0,0.0,0.0,0.0,0.0,0.0
1663722022187796054,0.0,0.0,0.0,0.0,0.0,0.0
1663722022208092100,0.0,0.0,0.0,0.0,0.0,0.0
1663722022228201013,0.0,0.0,0.0,0.0,0.0,0.0
1663722022248372543,0.0,0.0,0.0,0.0,0.0,0.0
1663722022268690505,0.0,0.0,0.0,0.0,0.0,0.0
1663722022288859206,0.0,0.0,0.0,0.0,0.0,0.0
1663722022309132217,0.0,0.0,0.0,0.0,0.0,0.0
1663722022329438386,0.0,0.0,0.0,0.0,0.0,0.0
1663722022349636759,0.0,0.0,0.0,0.0,0.0,0.0
1663722022369963189,0.0,0.0,0.0,0.0,0.0,0.0
1663722022390101642,0.0,0.0,0.0,0.0,0.0,0.0
1663722022411049581,0.0,0.0,0.0,0.0,0.0,0.0
1663722022430536761,0.0,0.0,0.0,0.0,0.0,0.0
1663722022450728527,0.0,0.0,0.0,0.0,0.0,0.0
1663722022470944926,0.0,0.0,0.0,0.0,0.0,0.0
1663722022491103932,0.0,0.0,0.0,0.0,0.0,0.0
1663722022511192293,0.0,0.0,0.0,0.0,0.0,0.0
1663722022531465591,0.0,0.0,0.0,0.0,0.0,0.0
1663722022551761988,0.0,0.0,0.0,0.0,0.0,0.0
1663722022572070611,0.0,0.0,0.0,0.0,0.0,0.0
1663722022592234152,0.0,0.0,0.0,0.0,0.0,0.0
1663722022612551719,0.0,0.0,0.0,0.0,0.0,0.0
1663722022633512448,0.0,0.0,0.0,0.0,0.0,0.0
1663722022652848593,0.0,0.0,0.0,0.0,0.0,0.0
1663722022673334766,0.0,0.0,0.0,0.0,0.0,0.0
1663722022693599344,0.0,0.0,0.0,0.0,0.0,0.0
1663722022713776268,0.0,0.0,0.0,0.0,0.0,0.0
1663722022733908902,0.0,0.0,0.0,0.0,0.0,0.0
1663722022754172944,0.0,0.0,0.0,0.0,0.0,0.0
1663722022774308466,0.0,0.0,0.0,0.0,0.0,0.0
1663722022794505389,0.0,0.0,0.0,0.0,0.0,0.0
1663722022814644681,0.0,0.0,0.0,0.0,0.0,0.0
1663722022834886875,0.0,0.0,0.0,0.0,0.0,0.0
1663722022855023732,0.0,0.0,0.0,0.0,0.0,0.0
1663722022875246540,0.0,0.0,0.0,0.0,0.0,0.0
1663722022895411064,0.0,0.0,0.0,0.0,0.0,0.0
1663722022915778309,0.0,0.0,0.0,0.0,0.0,0.0
1663722022935980797,0.0,0.0,0.0,0.0,0.0,0.0
1663722022956133153,0.0,0.0,0.0,0.0,0.0,0.0
1663722022976596131,0.0,0.0,0.0,0.0,0.0,0.0
1663722022996810579,0.0,0.0,0.0,0.0,0.0,0.0
1663722023016959944,0.0,0.0,0.0,0.0,0.0,0.0
1663722023037098184,0.0,0.0,0.0,0.0,0.0,0.0
1663722023057385725,0.0,0.0,0.0,0.0,0.0,0.0
1663722023077565834,0.0,0.0,0.0,0.0,0.0,0.0
1663722023097721489,0.0,0.0,0.0,0.0,0.0,0.0
1663722023117864890,0.0,0.0,0.0,0.0,0.0,0.0
1663722023138060266,0.0,0.0,0.0,0.0,0.0,0.0
1663722023158234778,0.0,0.0,0.0,0.0,0.0,0.0
1663722023178541808,0.0,0.0,0.0,0.0,0.0,0.0
1663722023198676257,0.0,0.0,0.0,0.0,0.0,0.0
1663722023218886981,0.0,0.0,0.0,0.0,0.0,0.0
1663722023239237368,0.0,0.0,0.0,0.0,0.0,0.0
1663722023259343036,0.0,0.0,0.0,0.0,0.0,0.0
1663722023279543423,0.0,0.0,0.0,0.0,0.0,0.0
1663722023299725910,0.0,0.0,0.0,0.0,0.0,0.0
1663722023319861458,0.0,0.0,0.0,0.0,0.0,0.0
1663722023340064536,0.0,0.0,0.0,0.0,0.0,0.0
1663722023360306560,0.0,0.0,0.0,0.0,0.0,0.0
1663722023380651456,0.0,0.0,0.0,0.0,0.0,0.0
1663722023400897037,0.0,0.0,0.0,0.0,0.0,0.0
1663722023421250355,0.0,0.0,0.0,0.0,0.0,0.0
1663722023441463196,0.0,0.0,0.0,0.0,0.0,0.0
1663722023463084596,0.0,0.0,0.0,0.0,0.0,0.0
1663722023481885754,0.0,0.0,0.0,0.0,0.0,0.0
1663722023502558546,0.0,0.0,0.0,0.0,0.0,0.0
1663722023522649991,0.0,0.0,0.0,0.0,0.0,0.0
1663722023542897046,0.0,0.0,0.0,0.0,0.0,0.0
1663722023563128994,0.0,0.0,0.0,0.0,0.0,0.0
1663722023583369838,0.0,0.0,0.0,0.0,0.0,0.0
1663722023603759649,0.0,0.0,0.0,0.0,0.0,0.0
1663722023623946117,0.0,0.0,0.0,0.0,0.0,0.0
1663722023644133090,0.0,0.0,0.0,0.0,0.0,0.0
1663722023664330750,0.0,0.0,0.0,0.0,0.0,0.0
1663722023684637408,0.0,0.0,0.0,0.0,0.0,0.0
1663722023705828475,0.0,0.0,0.0,0.0,0.0,0.0
1663722023726125041,0.0,0.0,0.0,0.0,0.0,0.0
1663722023749863947,0.0,0.0,0.0,0.0,0.0,0.0
1663722023766632670,0.0,0.0,0.0,0.0,0.0,0.0
1663722023787326077,0.0,0.0,0.0,0.0,0.0,0.0
1663722023807412913,0.0,0.0,0.0,0.0,0.0,0.0
1663722023827676912,0.0,0.0,0.0,0.0,0.0,0.0
1663722023847949545,0.0,0.0,0.0,0.0,0.0,0.0
1663722023868162064,0.0,0.0,0.0,0.0,0.0,0.0
1663722023888358567,0.0,0.0,0.0,0.0,0.0,0.0
1663722023908534202,0.0,0.0,0.0,0.0,0.0,0.0
1663722023928736730,0.0,0.0,0.0,0.0,0.0,0.0
1663722023948841760,0.0,0.0,0.0,0.0,0.0,0.0
1663722023969080296,0.0,0.0,0.0,0.0,0.0,0.0
1663722023989219034,0.0,0.0,0.0,0.0,0.0,0.0
1663722024011064653,0.0,0.0,0.0,0.0,0.0,0.0
1663722024031250622,0.0,0.0,0.0,0.0,0.0,0.0
1663722024051896049,0.0,0.0,0.0,0.0,0.0,0.0
1663722024072011389,0.0,0.0,0.0,0.0,0.0,0.0
1663722024092192243,0.0,0.0,0.0,0.0,0.0,0.0
1663722024112290928,0.0,0.0,0.0,0.0,0.0,0.0
1663722024132593269,0.0,0.0,0.0,0.0,0.0,0.0
1663722024152718616,0.0,0.0,0.0,0.0,0.0,0.0
1663722024172969454,0.0,0.0,0.0,0.0,0.0,0.0
1663722024193171279,0.0,0.0,0.0,0.0,0.0,0.0
1663722024213342318,0.0,0.0,0.0,0.0,0.0,0.0
1663722024233499750,0.0,0.0,0.0,0.0,0.0,0.0
1663722024253807112,0.0,0.0,0.0,0.0,0.0,0.0
1663722024275987787,0.0,0.0,0.0,0.0,0.0,0.0
1663722024296172861,0.0,0.0,0.0,0.0,0.0,0.0
1663722024316518698,0.0,0.0,0.0,0.0,0.0,0.0
1663722024336617706,0.0,0.0,0.0,0.0,0.0,0.0
1663722024356819855,0.0,0.0,0.0,0.0,0.0,0.0
1663722024377021769,0.0,0.0,0.0,0.0,0.0,0.0
1663722024397257742,0.0,0.0,0.0,0.0,0.0,0.0
1663722024417444233,0.0,0.0,0.0,0.0,0.0,0.0
1663722024437616777,0.0,0.0,0.0,0.0,0.0,0.0
1663722024457787981,0.0,0.0,0.0,0.0,0.0,0.0
1663722024477985670,0.0,0.0,0.0,0.0,0.0,0.0
1663722024498192610,0.0,0.0,0.0,0.0,0.0,0.0
1663722024518321887,0.0,0.0,0.0,0.0,0.0,0.0
1663722024538426360,0.0,0.0,0.0,0.0,0.0,0.0
1663722024558827404,0.0,0.0,0.0,0.0,0.0,0.0
1663722024578950272,0.0,0.0,0.0,0.0,0.0,0.0
1663722024599269740,0.0,0.0,0.0,0.0,0.0,0.0
1663722024619415550,0.0,0.0,0.0,0.0,0.0,0.0
1663722024639632159,0.0,0.0,0.0,0.0,0.0,0.0
1663722024659887856,0.0,0.0,0.0,0.0,0.0,0.0
1663722024680151223,0.0,0.0,0.0,0.0,0.0,0.0
1663722024700496338,0.0,0.0,0.0,0.0,0.0,0.0
1663722024720697673,0.0,0.0,0.0,0.0,0.0,0.0
1663722024741817907,0.0,0.0,0.0,0.0,0.0,0.0
1663722024761982358,0.0,0.0,0.0,0.0,0.0,0.0
1663722024782268315,0.0,0.0,0.0,0.0,0.0,0.0
1663722024802576430,0.0,0.0,0.0,0.0,0.0,0.0
1663722024822820649,0.0,0.0,0.0,0.0,0.0,0.0
1663722024843038288,0.0,0.0,0.0,0.0,0.0,0.0
1663722024863418429,0.0,0.0,0.0,0.0,0.0,0.0
1663722024883526617,0.0,0.0,0.0,0.0,0.0,0.0
1663722024903696950,0.0,0.0,0.0,0.0,0.0,0.0
1663722024923891016,0.0,0.0,0.0,0.0,0.0,0.0
1663722024944114082,0.0,0.0,0.0,0.0,0.0,0.0
1663722024964359119,0.0,0.0,0.0,0.0,0.0,0.0
1663722024984509854,0.0,0.0,0.0,0.0,0.0,0.0
1663722025004718804,0.0,0.0,0.0,0.0,0.0,0.0
1663722025024856304,0.0,0.0,0.0,0.0,0.0,0.0
1663722025045009584,0.0,0.0,0.0,0.0,0.0,0.0
1663722025065210481,0.0,0.0,0.0,0.0,0.0,0.0
1663722025085514105,0.0,0.0,0.0,0.0,0.0,0.0
1663722025105689058,0.0,0.0,0.0,0.0,0.0,0.0
1663722025125828532,0.0,0.0,0.0,0.0,0.0,0.0
1663722025146137934,0.0,0.0,0.0,0.0,0.0,0.0
1663722025166355628,0.0,0.0,0.0,0.0,0.0,0.0
1663722025186704033,0.0,0.0,0.0,0.0,0.0,0.0
1663722025207071616,0.0,0.0,0.0,0.0,0.0,0.0
1663722025227183438,0.0,0.0,0.0,0.0,0.0,0.0
1663722025247430263,0.0,0.0,0.0,0.0,0.0,0.0
1663722025267599380,0.0,0.0,0.0,0.0,0.0,0.0
1663722025287787691,0.0,0.0,0.0,0.0,0.0,0.0
1663722025308013516,0.0,0.0,0.0,0.0,0.0,0.0
1663722025328192032,0.0,0.0,0.0,0.0,0.0,0.0
1663722025348425995,0.0,0.0,0.0,0.0,0.0,0.0
1663722025368566428,0.0,0.0,0.0,0.0,0.0,0.0
1663722025388871566,0.0,0.0,0.0,0.0,0.0,0.0
1663722025409111694,0.0,0.0,0.0,0.0,0.0,0.0
1663722025429369454,0.0,0.0,0.0,0.0,0.0,0.0
1663722025449570255,0.0,0.0,0.0,0.0,0.0,0.0
1663722025469831062,0.0,0.0,0.0,0.0,0.0,0.0
1663722025490123883,0.0,0.0,0.0,0.0,0.0,0.0
1663722025511199891,0.0,0.0,0.0,0.0,0.0,0.0
1663722025530448049,0.0,0.0,0.0,0.0,0.0,0.0
1663722025550618886,0.0,0.0,0.0,0.0,0.0,0.0
1663722025570820097,0.0,0.0,0.0,0.0,0.0,0.0
1663722025591108558,0.0,0.0,0.0,0.0,0.0,0.0
1663722025611195895,0.0,0.0,0.0,0.0,0.0,0.0
1663722025631376843,0.0,0.0,0.0,0.0,0.0,0.0
1663722025651476066,0.0,0.0,0.0,0.0,0.0,0.0
1663722025671845939,0.0,0.0,0.0,0.0,0.0,0.0
1663722025692042293,0.0,0.0,0.0,0.0,0.0,0.0
1663722025712116642,0.0,0.0,0.0,0.0,0.0,0.0
1663722025732318967,0.0,0.0,0.0,0.0,0.0,0.0
1663722025752705989,0.0,0.0,0.0,0.0,0.0,0.0
1663722025773268966,0.0,0.0,0.0,0.0,0.0,0.0
1663722025792951047,0.0,0.0,0.0,0.0,0.0,0.0
1663722025813517016,0.0,0.0,0.0,0.0,0.0,0.0
1663722025833653570,0.0,0.0,0.0,0.0,0.0,0.0
1663722025853927907,0.0,0.0,0.0,0.0,0.0,0.0
1663722025874049610,0.0,0.0,0.0,0.0,0.0,0.0
1663722025894237354,0.0,0.0,0.0,0.0,0.0,0.0
1663722025914493071,0.0,0.0,0.0,0.0,0.0,0.0
1663722025934667916,0.0,0.0,0.0,0.0,0.0,0.0
1663722025954897294,0.0,0.0,0.0,0.0,0.0,0.0
1663722025975033169,0.0,0.0,0.0,0.0,0.0,0.0
1663722025995210321,0.0,0.0,0.0,0.0,0.0,0.0
1663722026015333122,0.0,0.0,0.0,0.0,0.0,0.0
1663722026035584211,0.0,0.0,0.0,0.0,0.0,0.0
1663722026055912033,0.0,0.0,0.0,0.0,0.0,0.0
1663722026076823795,0.0,0.0,0.0,0.0,0.0,0.0
1663722026096251168,0.0,0.0,0.0,0.0,0.0,0.0
1663722026116630390,0.0,0.0,0.0,0.0,0.0,0.0
1663722026136720941,0.0,0.0,0.0,0.0,0.0,0.0
1663722026156892596,0.0,0.0,0.0,0.0,0.0,0.0
1663722026177346289,0.0,0.0,0.0,0.0,0.0,0.0
1663722026197509580,0.0,0.0,0.0,0.0,0.0,0.0
1663722026217808868,0.0,0.0,0.0,0.0,0.0,0.0
1663722026237911015,0.0,0.0,0.0,0.0,0.0,0.0
1663722026258288269,0.0,0.0,0.0,0.0,0.0,0.0
1663722026280031481,0.0,0.0,0.0,0.0,0.0,0.0
1663722026300351640,0.0,0.0,0.0,0.0,0.0,0.0
1663722026320517374,0.0,0.0,0.0,0.0,0.0,0.0
1663722026340650368,0.0,0.0,0.0,0.0,0.0,0.0
1663722026360849943,0.0,0.0,0.0,0.0,0.0,0.0
1663722026381033261,0.0,0.0,0.0,0.0,0.0,0.0
1663722026401209892,0.0,0.0,0.0,0.0,0.0,0.0
1663722026421329685,0.0,0.0,0.0,0.0,0.0,0.0
1663722026441511126,0.0,0.0,0.0,0.0,0.0,0.0
1663722026461724012,0.0,0.0,0.0,0.0,0.0,0.0
1663722026481886076,0.0,0.0,0.0,0.0,0.0,0.0
1663722026502199175,0.0,0.0,0.0,0.0,0.0,0.0
1663722026522504073,0.0,0.0,0.0,0.0,0.0,0.0
1663722026543129696,0.0,0.0,0.0,0.0,0.0,0.0
1663722026562965681,0.0,0.0,0.0,0.0,0.0,0.0
1663722026584981373,0.0,0.0,0.0,0.0,0.0,0.0
1663722026605245811,0.0,0.0,0.0,0.0,0.0,0.0
1663722026625664925,0.0,0.0,0.0,0.0,0.0,0.0
1663722026645841108,0.0,0.0,0.0,0.0,0.0,0.0
1663722026666088358,0.0,0.0,0.0,0.0,0.0,0.0
1663722026686262002,0.0,0.0,0.0,0.0,0.0,0.0
1663722026706470507,0.0,0.0,0.0,0.0,0.0,0.0
1663722026726680184,0.0,0.0,0.0,0.0,0.0,0.0
1663722026746817392,0.0,0.0,0.0,0.0,0.0,0.0
1663722026766997724,0.0,0.0,0.0,0.0,0.0,0.0
1663722026787195838,0.0,0.0,0.0,0.0,0.0,0.0
1663722026807412506,0.0,0.0,0.0,0.0,0.0,0.0
1663722026827556064,0.0,0.0,0.0,0.0,0.0,0.0
1663722026847841148,0.0,0.0,0.0,0.0,0.0,0.0
1663722026867961448,0.0,0.0,0.0,0.0,0.0,0.0
1663722026888251907,0.0,0.0,0.0,0.0,0.0,0.0
1663722026908526823,0.0,0.0,0.0,0.0,0.0,0.0
1663722026930373404,0.0,0.0,0.0,0.0,0.0,0.0
1663722026950523811,0.0,0.0,0.0,0.0,0.0,0.0
1663722026970767971,0.0,0.0,0.0,0.0,0.0,0.0
1663722026990885662,0.0,0.0,0.0,0.0,0.0,0.0
1663722027011133083,0.0,0.0,0.0,0.0,0.0,0.0
1663722027031369708,0.0,0.0,0.0,0.0,0.0,0.0
1663722027051525647,0.0,0.0,0.0,0.0,0.0,0.0
1663722027071691431,0.0,0.0,0.0,0.0,0.0,0.0
1663722027091919223,0.0,0.0,0.0,0.0,0.0,0.0
1663722027112106768,0.0,0.0,0.0,0.0,0.0,0.0
1663722027132297523,0.0,0.0,0.0,0.0,0.0,0.0
1663722027152470403,0.0,0.0,0.0,0.0,0.0,0.0
1663722027172643887,0.0,0.0,0.0,0.0,0.0,0.0
1663722027192854052,0.0,0.0,0.0,0.0,0.0,0.0
1663722027212998315,0.0,0.0,0.0,0.0,0.0,0.0
1663722027233204848,0.0,0.0,0.0,0.0,0.0,0.0
1663722027253404775,0.0,0.0,0.0,0.0,0.0,0.0
1663722027274871722,0.0,0.0,0.0,0.0,0.0,0.0
1663722027295031867,0.0,0.0,0.0,0.0,0.0,0.0
1663722027315726923,0.0,0.0,0.0,0.0,0.0,0.0
1663722027335918450,0.0,0.0,0.0,0.0,0.0,0.0
1663722027356136388,0.0,0.0,0.0,0.0,0.0,0.0
1663722027376320791,0.0,0.0,0.0,0.0,0.0,0.0
1663722027396573255,0.0,0.0,0.0,0.0,0.0,0.0
1663722027416781249,0.0,0.0,0.0,0.0,0.0,0.0
1663722027436991106,0.0,0.0,0.0,0.0,0.0,0.0
1663722027457285808,0.0,0.0,0.0,0.0,0.0,0.0
1663722027477512098,0.0,0.0,0.0,0.0,0.0,0.0
1663722027497675406,0.0,0.0,0.0,0.0,0.0,0.0
1663722027517991311,0.0,0.0,0.0,0.0,0.0,0.0
1663722027539763637,0.0,0.0,0.0,0.0,0.0,0.0
1663722027559999016,0.0,0.0,0.0,0.0,0.0,0.0
1663722027582468118,0.0,0.0,0.0,0.0,0.0,0.0
1663722027600334850,0.0,0.0,0.0,0.0,0.0,0.0
1663722027620506729,0.0,0.0,0.0,0.0,0.0,0.0
1663722027640697632,0.0,0.0,0.0,0.0,0.0,0.0
1663722027660914997,0.0,0.0,0.0,0.0,0.0,0.0
1663722027681087767,0.0,0.0,0.0,0.0,0.0,0.0
1663722027701198074,0.0,0.0,0.0,0.0,0.0,0.0
1663722027721534293,0.0,0.0,0.0,0.0,0.0,0.0
1663722027741863404,0.0,0.0,0.0,0.0,0.0,0.0
1663722027762259124,0.0,0.0,0.0,0.0,0.0,0.0
1663722027782534534,0.0,0.0,0.0,0.0,0.0,0.0
1663722027802679413,0.0,0.0,0.0,0.0,0.0,0.0
1663722027822923921,0.0,0.0,0.0,0.0,0.0,0.0
1663722027843199153,0.0,0.0,0.0,0.0,0.0,0.0
1663722027863321326,0.0,0.0,0.0,0.0,0.0,0.0
1663722027883643065,0.0,0.0,0.0,0.0,0.0,0.0
1663722027903697295,0.0,0.0,0.0,0.0,0.0,0.0
1663722027924100928,0.0,0.0,0.0,0.0,0.0,0.0
1663722027944289156,0.0,0.0,0.0,0.0,0.0,0.0
1663722027964517050,0.0,0.0,0.0,0.0,0.0,0.0
1663722027984685959,0.0,0.0,0.0,0.0,0.0,0.0
1663722028004884047,0.0,0.0,0.0,0.0,0.0,0.0
1663722028025052662,0.0,0.0,0.0,0.0,0.0,0.0
1663722028045190247,0.0,0.0,0.0,0.0,0.0,0.0
1663722028065384706,0.0,0.0,0.0,0.0,0.0,0.0
1663722028085543567,0.0,0.0,0.0,0.0,0.0,0.0
1663722028105746963,0.0,0.0,0.0,0.0,0.0,0.0
1663722028125962353,0.0,0.0,0.0,0.0,0.0,0.0
1663722028146213837,0.0,0.0,0.0,0.0,0.0,0.0
1663722028166336438,0.0,0.0,0.0,0.0,0.0,0.0
1663722028186835836,0.0,0.0,0.0,0.0,0.0,0.0
1663722028207238679,0.0,0.0,0.0,0.0,0.0,0.0
1663722028227553297,0.0,0.0,0.0,0.0,0.0,0.0
1663722028247739512,0.0,0.0,0.0,0.0,0.0,0.0
1663722028270289208,0.0,0.0,0.0,0.0,0.0,0.0
1663722028290394231,0.0,0.0,0.0,0.0,0.0,0.0
1663722028313138988,0.0,0.0,0.0,0.0,0.0,0.0
1663722028333375141,0.0,0.0,0.0,0.0,0.0,0.0
1663722028354754257,0.0,0.0,0.0,0.0,0.0,0.0
1663722028374042964,0.0,0.0,0.0,0.0,0.0,0.0
1663722028394283432,0.0,0.0,0.0,0.0,0.0,0.0
1663722028414311112,0.0,0.0,0.0,0.0,0.0,0.0
1663722028437063068,0.0,0.0,0.0,0.0,0.0,0.0
1663722028457278720,0.0,0.0,0.0,0.0,0.0,0.0
1663722028478799053,0.0,0.0,0.0,0.0,0.0,0.0
1663722028498978910,0.0,0.0,0.0,0.0,0.0,0.0
1663722028520768639,0.0,0.0,0.0,0.0,0.0,0.0
1663722028541039122,0.0,0.0,0.0,0.0,0.0,0.0
1663722028561320450,0.0,0.0,0.0,0.0,0.0,0.0
1663722028581466464,0.0,0.0,0.0,0.0,0.0,0.0
1663722028601761327,0.0,0.0,0.0,0.0,0.0,0.0
1663722028621968155,0.0,0.0,0.0,0.0,0.0,0.0
1663722028642349335,0.0,0.0,0.0,0.0,0.0,0.0
1663722028662427046,0.0,0.0,0.0,0.0,0.0,0.0
1663722028682869248,0.0,0.0,0.0,0.0,0.0,0.0
1663722028702953417,0.0,0.0,0.0,0.0,0.0,0.0
1663722028723128139,0.0,0.0,0.0,0.0,0.0,0.0
1663722028743380667,0.0,0.0,0.0,0.0,0.0,0.0
1663722028763578333,0.0,0.0,0.0,0.0,0.0,0.0
1663722028783752819,0.0,0.0,0.0,0.0,0.0,0.0
1663722028804193988,0.0,0.0,0.0,0.0,0.0,0.0
1663722028824382302,0.0,0.0,0.0,0.0,0.0,0.0
1663722028844689439,0.0,0.0,0.0,0.0,0.0,0.0
1663722028864952631,0.0,0.0,0.0,0.0,0.0,0.0
1663722028885235369,0.0,0.0,0.0,0.0,0.0,0.0
1663722028905360406,0.0,0.0,0.0,0.0,0.0,0.0
1663722028925516614,0.0,0.0,0.0,0.0,0.0,0.0
1663722028946056776,0.0,0.0,0.0,0.0,0.0,0.0
1663722028966182965,0.0,0.0,0.0,0.0,0.0,0.0
1663722028986330819,0.0,0.0,0.0,0.0,0.0,0.0
1663722029006766207,0.0,0.0,0.0,0.0,0.0,0.0
1663722029026877641,0.0,0.0,0.0,0.0,0.0,0.0
1663722029048938533,0.0,0.0,0.0,0.0,0.0,0.0
1663722029069224310,0.0,0.0,0.0,0.0,0.0,0.0
1663722029089504787,0.0,0.0,0.0,0.0,0.0,0.0
1663722029109726511,0.0,0.0,0.0,0.0,0.0,0.0
1663722029130030834,0.0,0.0,0.0,0.0,0.0,0.0
1663722029150214454,0.0,0.0,0.0,0.0,0.0,0.0
1663722029170378987,0.0,0.0,0.0,0.0,0.0,0.0
1663722029190646396,0.0,0.0,0.0,0.0,0.0,0.0
1663722029210828187,0.0,0.0,0.0,0.0,0.0,0.0
1663722029230961334,0.0,0.0,0.0,0.0,0.0,0.0
1663722029251083021,0.0,0.0,0.0,0.0,0.0,0.0
1663722029271295264,0.0,0.0,0.0,0.0,0.0,0.0
1663722029291507705,0.0,0.0,0.0,0.0,0.0,0.0
1663722029311658237,0.0,0.0,0.0,0.0,0.0,0.0
1663722029331835031,0.0,0.0,0.0,0.0,0.0,0.0
1663722029351994343,0.0,0.0,0.0,0.0,0.0,0.0
1663722029372134446,0.0,0.0,0.0,0.0,0.0,0.0
1663722029392273915,0.0,0.0,0.0,0.0,0.0,0.0
1663722029412914057,0.0,0.0,0.0,0.0,0.0,0.0
1663722029433039373,0.0,0.0,0.0,0.0,0.0,0.0
1663722029453547974,0.0,0.0,0.0,0.0,0.0,0.0
1663722029473948877,0.0,0.0,0.0,0.0,0.0,0.0
1663722029494070052,0.0,0.0,0.0,0.0,0.0,0.0
1663722029515470626,0.0,0.0,0.0,0.0,0.0,0.0
1663722029535607196,0.0,0.0,0.0,0.0,0.0,0.0
1663722029556306116,0.0,0.0,0.0,0.0,0.0,0.0
1663722029575976027,0.0,0.0,0.0,0.0,0.0,0.0
1663722029598597549,0.0,0.0,0.0,0.0,0.0,0.0
1663722029618830833,0.0,0.0,0.0,0.0,0.0,0.0
1663722029639092967,0.0,0.0,0.0,0.0,0.0,0.0
1663722029659325011,0.0,0.0,0.0,0.0,0.0,0.0
1663722029679558256,0.0,0.0,0.0,0.0,0.0,0.0
1663722029699654780,0.0,0.0,0.0,0.0,0.0,0.0
1663722029719893742,0.0,0.0,0.0,0.0,0.0,0.0
1663722029740004899,0.0,0.0,0.0,0.0,0.0,0.0
1663722029760197505,0.0,0.0,0.0,0.0,0.0,0.0
1663722029780374416,0.0,0.0,0.0,0.0,0.0,0.0
1663722029800498127,0.0,0.0,0.0,0.0,0.0,0.0
1663722029820655457,0.0,0.0,0.0,0.0,0.0,0.0
1663722029840767557,0.0,0.0,0.0,0.0,0.0,0.0
1663722029860989637,0.0,0.0,0.0,0.0,0.0,0.0
1663722029881139696,0.0,0.0,0.0,0.0,0.0,0.0
1663722029901332703,0.0,0.0,0.0,0.0,0.0,0.0
1663722029921500751,0.0,0.0,0.0,0.0,0.0,0.0
1663722029941697514,0.0,0.0,0.0,0.0,0.0,0.0
1663722029962024918,0.0,0.0,0.0,0.0,0.0,0.0
1663722029982236961,0.0,0.0,0.0,0.0,0.0,0.0
1663722030002429230,0.0,0.0,0.0,0.0,0.0,0.0
1663722030023773086,0.0,0.0,0.0,0.0,0.0,0.0
1663722030042905996,0.0,0.0,0.0,0.0,0.0,0.0
1663722030063223880,0.0,0.0,0.0,0.0,0.0,0.0
1663722030083418537,0.0,0.0,0.0,0.0,0.0,0.0
1663722030103626004,0.0,0.0,0.0,0.0,0.0,0.0
1663722030123820559,0.0,0.0,0.0,0.0,0.0,0.0
1663722030144030176,0.0,0.0,0.0,0.0,0.0,0.0
1663722030164381758,0.0,0.0,0.0,0.0,0.0,0.0
1663722030184493238,0.0,0.0,0.0,0.0,0.0,0.0
1663722030204705638,0.0,0.0,0.0,0.0,0.0,0.0
1663722030224915177,0.0,0.0,0.0,0.0,0.0,0.0
1663722030245055530,0.0,0.0,0.0,0.0,0.0,0.0
1663722030265364541,0.0,0.0,0.0,0.0,0.0,0.0
1663722030285582171,0.0,0.0,0.0,0.0,0.0,0.0
1663722030305791629,0.0,0.0,0.0,0.0,0.0,0.0
1663722030327879521,0.0,0.0,0.0,0.0,0.0,0.0
1663722030348059615,0.0,0.0,0.0,0.0,0.0,0.0
1663722030368373720,0.0,0.0,0.0,0.0,0.0,0.0
1663722030388578608,0.0,0.0,0.0,0.0,0.0,0.0
1663722030408735215,0.0,0.0,0.0,0.0,0.0,0.0
1663722030428905966,0.0,0.0,0.0,0.0,0.0,0.0
1663722030449087295,0.0,0.0,0.0,0.0,0.0,0.0
1663722030469287224,0.0,0.0,0.0,0.0,0.0,0.0
1663722030489465141,0.0,0.0,0.0,0.0,0.0,0.0
1663722030509604006,0.0,0.0,0.0,0.0,0.0,0.0
1663722030529898279,0.0,0.0,0.0,0.0,0.0,0.0
1663722030550126797,0.0,0.0,0.0,0.0,0.0,0.0
1663722030570348571,0.0,0.0,0.0,0.0,0.0,0.0
1663722030590605905,0.0,0.0,0.0,0.0,0.0,0.0
1663722030610983348,0.0,0.0,0.0,0.0,0.0,0.0
1663722030631176802,0.0,0.0,0.0,0.0,0.0,0.0
1663722030651293986,0.0,0.0,0.0,0.0,0.0,0.0
1663722030672140162,0.0,0.0,0.0,0.0,0.0,0.0
1663722030692353150,0.0,0.0,0.0,0.0,0.0,0.0
1663722030712522037,0.0,0.0,0.0,0.0,0.0,0.0
1663722030732727703,0.0,0.0,0.0,0.0,0.0,0.0
1663722030752972612,0.0,0.0,0.0,0.0,0.0,0.0
1663722030773098343,0.0,0.0,0.0,0.0,0.0,0.0
1663722030793365773,0.0,0.0,0.0,0.0,0.0,0.0
1663722030813474213,0.0,0.0,0.0,0.0,0.0,0.0
1663722030833698431,0.0,0.0,0.0,0.0,0.0,0.0
1663722030853887438,0.0,0.0,0.0,0.0,0.0,0.0
1663722030874063678,0.0,0.0,0.0,0.0,0.0,0.0
1663722030894267333,0.0,0.0,0.0,0.0,0.0,0.0
1663722030914531793,0.0,0.0,0.0,0.0,0.0,0.0
1663722030934623485,0.0,0.0,0.0,0.0,0.0,0.0
1663722030955034092,0.0,0.0,0.0,0.0,0.0,0.0
1663722030975985243,0.0,0.0,0.0,0.0,0.0,0.0
1663722030995327055,0.0,0.0,0.0,0.0,0.0,0.0
1663722031015488701,0.0,0.0,0.0,0.0,0.0,0.0
1663722031035791816,0.0,0.0,0.0,0.0,0.0,0.0
1663722031056028920,0.0,0.0,0.0,0.0,0.0,0.0
1663722031071431607,0.5,0.0,0.0,0.0,0.0,0.0
1663722031091684838,0.5,0.0,0.0,0.0,0.0,0.0
1663722031111769251,0.5,0.0,0.0,0.0,0.0,0.0
1663722031132053833,0.5,0.0,0.0,0.0,0.0,0.0
1663722031152166485,0.5,0.0,0.0,0.0,0.0,0.0
1663722031172395047,0.5,0.0,0.0,0.0,0.0,0.0
1663722031192569143,0.5,0.0,0.0,0.0,0.0,0.0
1663722031212875394,0.5,0.0,0.0,0.0,0.0,0.0
1663722031233086534,0.5,0.0,0.0,0.0,0.0,0.0
1663722031253348964,0.5,0.0,0.0,0.0,0.0,0.0
1663722031276001385,0.5,0.0,0.0,0.0,0.0,0.0
1663722031296128030,0.5,0.0,0.0,0.0,0.0,0.0
1663722031316497274,0.5,0.0,0.0,0.0,0.0,0.0
1663722031336564268,0.5,0.0,0.0,0.0,0.0,0.0
1663722031356848346,0.5,0.0,0.0,0.0,0.0,0.0
1663722031377007865,0.5,0.0,0.0,0.0,0.0,0.0
1663722031397149288,0.5,0.0,0.0,0.0,0.0,0.0
1663722031417386779,0.5,0.0,0.0,0.0,0.0,0.0
1663722031437616607,0.5,0.0,0.0,0.0,0.0,0.0
1663722031457919576,0.5,0.0,0.0,0.0,0.0,0.0
1663722031478186343,0.5,0.0,0.0,0.0,0.0,0.0
1663722031498331854,0.5,0.0,0.0,0.0,0.0,0.0
1663722031518634472,0.5,0.0,0.0,0.0,0.0,0.0
1663722031538741333,0.5,0.0,0.0,0.0,0.0,0.0
1663722031560011397,0.5,0.0,0.0,0.0,0.0,0.0
1663722031579226151,0.5,0.0,0.0,0.0,0.0,0.0
1663722031599533844,0.5,0.0,0.0,0.0,0.0,0.0
1663722031619828195,0.5,0.0,0.0,0.0,0.0,0.0
1663722031639961876,0.5,0.0,0.0,0.0,0.0,0.0
1663722031660158093,0.5,0.0,0.0,0.0,0.0,0.0
1663722031680299331,0.5,0.0,0.0,0.0,0.0,0.0
1663722031700512490,0.5,0.0,0.0,0.0,0.0,0.0
1663722031720845599,0.5,0.0,0.0,0.0,0.0,0.0
1663722031741055416,0.5,0.0,0.0,0.0,0.0,0.0
1663722031761423658,0.5,0.0,0.0,0.0,0.0,0.0
1663722031781596822,0.5,0.0,0.0,0.0,0.0,0.0
1663722031801774472,0.5,0.0,0.0,0.0,0.0,0.0
1663722031822030726,0.5,0.0,0.0,0.0,0.0,0.0
1663722031842162696,0.5,0.0,0.0,0.0,0.0,0.0
1663722031862422445,0.5,0.0,0.0,0.0,0.0,0.0
1663722031882560222,0.5,0.0,0.0,0.0,0.0,0.0
1663722031902760069,0.5,0.0,0.0,0.0,0.0,0.0
1663722031922903189,0.5,0.0,0.0,0.0,0.0,0.0
1663722031943194556,0.5,0.0,0.0,0.0,0.0,0.0
1663722031963354579,0.5,0.0,0.0,0.0,0.0,0.0
1663722031983579175,0.5,0.0,0.0,0.0,0.0,0.0
1663722032006447125,0.5,0.0,0.0,0.0,0.0,0.0
1663722032026632763,0.5,0.0,0.0,0.0,0.0,0.0
1663722032046924830,0.5,0.0,0.0,0.0,0.0,0.0
1663722032067157673,0.5,0.0,0.0,0.0,0.0,0.0
1663722032087354214,0.5,0.0,0.0,0.0,0.0,0.0
1663722032107577379,0.5,0.0,0.0,0.0,0.0,0.0
1663722032127757853,0.5,0.0,0.0,0.0,0.0,0.0
1663722032148101727,0.5,0.0,0.0,0.0,0.0,0.0
1663722032168364585,0.5,0.0,0.0,0.0,0.0,0.0
1663722032188438807,0.5,0.0,0.0,0.0,0.0,0.0
1663722032208652362,0.5,0.0,0.0,0.0,0.0,0.0
1663722032228829543,0.5,0.0,0.0,0.0,0.0,0.0
1663722032249082244,0.5,0.0,0.0,0.0,0.0,0.0
1663722032271221062,0.5,0.0,0.0,0.0,0.0,0.0
1663722032291409051,0.5,0.0,0.0,0.0,0.0,0.0
1663722032311695075,0.5,0.0,0.0,0.0,0.0,0.0
1663722032331880676,0.5,0.0,0.0,0.0,0.0,0.0
1663722032352414977,0.5,0.0,0.0,0.0,0.0,0.0
1663722032372452211,0.5,0.0,0.0,0.0,0.0,0.0
1663722032392668180,0.5,0.0,0.0,0.0,0.0,0.0
1663722032412866992,0.5,0.0,0.0,0.0,0.0,0.0
1663722032433055496,0.5,0.0,0.0,0.0,0.0,0.0
1663722032453339715,0.5,0.0,0.0,0.0,0.0,0.0
1663722032473558961,0.5,0.0,0.0,0.0,0.0,0.0
1663722032493776915,0.5,0.0,0.0,0.0,0.0,0.0
1663722032513985501,0.5,0.0,0.0,0.0,0.0,0.0
1663722032534256369,0.5,0.0,0.0,0.0,0.0,0.0
1663722032554533227,0.5,0.0,0.0,0.0,0.0,0.0
1663722032576537293,0.5,0.0,0.0,0.0,0.0,0.0
1663722032596707888,0.5,0.0,0.0,0.0,0.0,0.0
1663722032617020932,0.5,0.0,0.0,0.0,0.0,0.0
1663722032637176327,0.5,0.0,0.0,0.0,0.0,0.0
1663722032657433062,0.5,0.0,0.0,0.0,0.0,0.0
1663722032677688013,0.5,0.0,0.0,0.0,0.0,0.0
1663722032697832071,0.5,0.0,0.0,0.0,0.0,0.0
1663722032717971861,0.5,0.0,0.0,0.0,0.0,0.0
1663722032738115274,0.5,0.0,0.0,0.0,0.0,0.0
1663722032758289769,0.5,0.0,0.0,0.0,0.0,0.0
1663722032778644351,0.5,0.0,0.0,0.0,0.0,0.0
1663722032798952229,0.5,0.0,0.0,0.0,0.0,0.0
1663722032819032792,0.5,0.0,0.0,0.0,0.0,0.0
1663722032839173140,0.5,0.0,0.0,0.0,0.0,0.0
1663722032859368267,0.5,0.0,0.0,0.0,0.0,0.0
1663722032879559574,0.5,0.0,0.0,0.0,0.0,0.0
1663722032899717738,0.5,0.0,0.0,0.0,0.0,0.0
1663722032919914631,0.5,0.0,0.0,0.0,0.0,0.0
1663722032940191204,0.5,0.0,0.0,0.0,0.0,0.0
1663722032960385070,0.5,0.0,0.0,0.0,0.0,0.0
1663722032980543800,0.5,0.0,0.0,0.0,0.0,0.0
1663722033000918331,0.5,0.0,0.0,0.0,0.0,0.0
1663722033021637663,0.5,0.0,0.0,0.0,0.0,0.0
1663722033041186509,0.5,0.0,0.0,0.0,0.0,0.0
1663722033061506714,0.5,0.0,0.0,0.0,0.0,0.0
1663722033081741502,0.5,0.0,0.0,0.0,0.0,0.0
1663722033101961292,0.5,0.0,0.0,0.0,0.0,0.0
1663722033122109498,0.5,0.0,0.0,0.0,0.0,0.0
1663722033142302602,0.5,0.0,0.0,0.0,0.0,0.0
1663722033162647364,0.5,0.0,0.0,0.0,0.0,0.0
1663722033182832754,0.5,0.0,0.0,0.0,0.0,0.0
1663722033203001454,0.5,0.0,0.0,0.0,0.0,0.0
1663722033223215647,0.5,0.0,0.0,0.0,0.0,0.0
1663722033243458269,0.5,0.0,0.0,0.0,0.0,0.0
1663722033263601382,0.5,0.0,0.0,0.0,0.0,0.0
1663722033283831224,0.5,0.0,0.0,0.0,0.0,0.0
1663722033304097915,0.5,0.0,0.0,0.0,0.0,0.0
1663722033325131119,0.5,0.0,0.0,0.0,0.0,0.0
1663722033344926790,0.5,0.0,0.0,0.0,0.0,0.0
1663722033365337652,0.5,0.0,0.0,0.0,0.0,0.0
1663722033385417204,0.5,0.0,0.0,0.0,0.0,0.0
1663722033405627040,0.5,0.0,0.0,0.0,0.0,0.0
1663722033425753827,0.5,0.0,0.0,0.0,0.0,0.0
1663722033446002745,0.5,0.0,0.0,0.0,0.0,0.0
1663722033466249716,0.5,0.0,0.0,0.0,0.0,0.0
1663722033486454498,0.5,0.0,0.0,0.0,0.0,0.0
1663722033506622446,0.5,0.0,0.0,0.0,0.0,0.0
1663722033526822097,0.5,0.0,0.0,0.0,0.0,0.0
1663722033547051023,0.5,0.0,0.0,0.0,0.0,0.0
1663722033567226499,0.5,0.0,0.0,0.0,0.0,0.0
1663722033587423671,0.5,0.0,0.0,0.0,0.0,0.0
1663722033607570783,0.5,0.0,0.0,0.0,0.0,0.0
1663722033627814929,0.5,0.0,0.0,0.0,0.0,0.0
1663722033647954136,0.5,0.0,0.0,0.0,0.0,0.0
1663722033668284187,0.5,0.0,0.0,0.0,0.0,0.0
1663722033688551410,0.5,0.0,0.0,0.0,0.0,0.0
1663722033708831949,0.5,0.0,0.0,0.0,0.0,0.0
1663722033729020884,0.5,0.0,0.0,0.0,0.0,0.0
1663722033750199307,0.5,0.0,0.0,0.0,0.0,0.0
1663722033770348875,0.5,0.0,0.0,0.0,0.0,0.0
1663722033793187298,0.5,0.0,0.0,0.0,0.0,0.0
1663722033810763528,0.5,0.0,0.0,0.0,0.0,0.0
1663722033831202876,0.5,0.0,0.0,0.0,0.0,0.0
1663722033851395752,0.5,0.0,0.0,0.0,0.0,0.0
1663722033871613692,0.5,0.0,0.0,0.0,0.0,0.0
1663722033891836846,0.5,0.0,0.0,0.0,0.0,0.0
1663722033911959486,0.5,0.0,0.0,0.0,0.0,0.0
1663722033932167826,0.5,0.0,0.0,0.0,0.0,0.0
1663722033952303710,0.5,0.0,0.0,0.0,0.0,0.0
1663722033972577230,0.5,0.0,0.0,0.0,0.0,0.0
1663722033992643136,0.5,0.0,0.0,0.0,0.0,0.0
1663722034013020503,0.5,0.0,0.0,0.0,0.0,0.0
1663722034033202471,0.5,0.0,0.0,0.0,0.0,0.0
1663722034054057304,0.5,0.0,0.0,0.0,0.0,0.0
1663722034074329402,0.5,0.0,0.0,0.0,0.0,0.0
1663722034094602586,0.5,0.0,0.0,0.0,0.0,0.0
1663722034117906191,0.5,0.0,0.0,0.0,0.0,0.0
1663722034134983710,0.5,0.0,0.0,0.0,0.0,0.0
1663722034155146799,0.5,0.0,0.0,0.0,0.0,0.0
1663722034175337444,0.5,0.0,0.0,0.0,0.0,0.0
1663722034195484594,0.5,0.0,0.0,0.0,0.0,0.0
1663722034215686357,0.5,0.0,0.0,0.0,0.0,0.0
1663722034236013412,0.5,0.0,0.0,0.0,0.0,0.0
1663722034256699446,0.5,0.0,0.0,0.0,0.0,0.0
1663722034276554024,0.5,0.0,0.0,0.0,0.0,0.0
1663722034296712594,0.5,0.0,0.0,0.0,0.0,0.0
1663722034316915361,0.5,0.0,0.0,0.0,0.0,0.0
1663722034337080277,0.5,0.0,0.0,0.0,0.0,0.0
1663722034357200976,0.5,0.0,0.0,0.0,0.0,0.0
1663722034377466235,0.5,0.0,0.0,0.0,0.0,0.0
1663722034397629525,0.5,0.0,0.0,0.0,0.0,0.0
1663722034417813469,0.5,0.0,0.0,0.0,0.0,0.0
1663722034437938022,0.5,0.0,0.0,0.0,0.0,0.0
1663722034458128747,0.5,0.0,0.0,0.0,0.0,0.0
1663722034478328711,0.5,0.0,0.0,0.0,0.0,0.0
1663722034498675375,0.5,0.0,0.0,0.0,0.0,0.0
1663722034519056472,0.5,0.0,0.0,0.0,0.0,0.0
1663722034539419504,0.5,0.0,0.0,0.0,0.0,0.0
1663722034559606681,0.5,0.0,0.0,0.0,0.0,0.0
1663722034579789799,0.5,0.0,0.0,0.0,0.0,0.0
1663722034600025152,0.5,0.0,0.0,0.0,0.0,0.0
1663722034620154609,0.5,0.0,0.0,0.0,0.0,0.0
1663722034640299981,0.5,0.0,0.0,0.0,0.0,0.0
1663722034660481783,0.5,0.0,0.0,0.0,0.0,0.0
1663722034680681205,0.5,0.0,0.0,0.0,0.0,0.0
1663722034700824571,0.5,0.0,0.0,0.0,0.0,0.0
1663722034721008658,0.5,0.0,0.0,0.0,0.0,0.0
1663722034741199211,0.5,0.0,0.0,0.0,0.0,0.0
1663722034761304498,0.5,0.0,0.0,0.0,0.0,0.0
1663722034781568153,0.5,0.0,0.0,0.0,0.0,0.0
1663722034801836360,0.5,0.0,0.0,0.0,0.0,0.0
1663722034822306385,0.5,0.0,0.0,0.0,0.0,0.0
1663722034842470906,0.5,0.0,0.0,0.0,0.0,0.0
1663722034863760142,0.5,0.0,0.0,0.0,0.0,0.0
1663722034882804911,0.5,0.0,0.0,0.0,0.0,0.0
1663722034902920166,0.5,0.0,0.0,0.0,0.0,0.0
1663722034923095524,0.5,0.0,0.0,0.0,0.0,0.0
1663722034943337623,0.5,0.0,0.0,0.0,0.0,0.0
1663722034963536436,0.5,0.0,0.0,0.0,0.0,0.0
1663722034983644403,0.5,0.0,0.0,0.0,0.0,0.0
1663722035003950976,0.5,0.0,0.0,0.0,0.0,0.0
1663722035024106654,0.5,0.0,0.0,0.0,0.0,0.0
1663722035044408304,0.5,0.0,0.0,0.0,0.0,0.0
1663722035064615563,0.5,0.0,0.0,0.0,0.0,0.0
1663722035084914838,0.5,0.0,0.0,0.0,0.0,0.0
1663722035105080666,0.5,0.0,0.0,0.0,0.0,0.0
1663722035125248696,0.5,0.0,0.0,0.0,0.0,0.0
1663722035145414894,0.5,0.0,0.0,0.0,0.0,0.0
1663722035165684846,0.5,0.0,0.0,0.0,0.0,0.0
1663722035185910985,0.5,0.0,0.0,0.0,0.0,0.0
1663722035207568585,0.5,0.0,0.0,0.0,0.0,0.0
1663722035227749708,0.5,0.0,0.0,0.0,0.0,0.0
1663722035251549909,0.5,0.0,0.0,0.0,0.0,0.0
1663722035271643677,0.5,0.0,0.0,0.0,0.0,0.0
1663722035292034809,0.5,0.0,0.0,0.0,0.0,0.0
1663722035312170837,0.5,0.0,0.0,0.0,0.0,0.0
1663722035332329652,0.5,0.0,0.0,0.0,0.0,0.0
1663722035352502828,0.5,0.0,0.0,0.0,0.0,0.0
1663722035372637617,0.5,0.0,0.0,0.0,0.0,0.0
1663722035392877603,0.5,0.0,0.0,0.0,0.0,0.0
1663722035413030708,0.5,0.0,0.0,0.0,0.0,0.0
1663722035434911503,0.5,0.0,0.0,0.0,0.0,0.0
1663722035455288041,0.5,0.0,0.0,0.0,0.0,0.0
1663722035475569573,0.5,0.0,0.0,0.0,0.0,0.0
1663722035495654531,0.5,0.0,0.0,0.0,0.0,0.0
1663722035515952222,0.5,0.0,0.0,0.0,0.0,0.0
1663722035536096180,0.5,0.0,0.0,0.0,0.0,0.0
1663722035556337918,0.5,0.0,0.0,0.0,0.0,0.0
1663722035576590609,0.5,0.0,0.0,0.0,0.0,0.0
1663722035596930779,0.5,0.0,0.0,0.0,0.0,0.0
1663722035617361901,0.5,0.0,0.0,0.0,0.0,0.0
1663722035637452058,0.5,0.0,0.0,0.0,0.0,0.0
1663722035660099598,0.5,0.0,0.0,0.0,0.0,0.0
1663722035680195294,0.5,0.0,0.0,0.0,0.0,0.0
1663722035700971730,0.5,0.0,0.0,0.0,0.0,0.0
1663722035721091988,0.5,0.0,0.0,0.0,0.0,0.0
1663722035741403936,0.5,0.0,0.0,0.0,0.0,0.0
1663722035761529860,0.5,0.0,0.0,0.0,0.0,0.0
1663722035781738383,0.5,0.0,0.0,0.0,0.0,0.0
1663722035801966001,0.5,0.0,0.0,0.0,0.0,0.0
1663722035822111984,0.5,0.0,0.0,0.0,0.0,0.0
1663722035842290201,0.5,0.0,0.0,0.0,0.0,0.0
1663722035862507200,0.5,0.0,0.0,0.0,0.0,0.0
1663722035882733933,0.5,0.0,0.0,0.0,0.0,0.0
1663722035902968518,0.5,0.0,0.0,0.0,0.0,0.0
1663722035923236962,0.5,0.0,0.0,0.0,0.0,0.0
1663722035943492445,0.5,0.0,0.0,0.0,0.0,0.0
1663722035963756849,0.5,0.0,0.0,0.0,0.0,0.0
1663722035983941678,0.5,0.0,0.0,0.0,0.0,0.0
1663722036004139716,0.5,0.0,0.0,0.0,0.0,0.0
1663722036024266887,0.5,0.0,0.0,0.0,0.0,0.0
1663722036044506788,0.5,0.0,0.0,0.0,0.0,0.0
1663722036064669594,0.5,0.0,0.0,0.0,0.0,0.0
1663722036084873334,0.5,0.0,0.0,0.0,0.0,0.0
1663722036105040306,0.5,0.0,0.0,0.0,0.0,0.0
1663722036125354223,0.5,0.0,0.0,0.0,0.0,0.0
1663722036146251696,0.5,0.0,0.0,0.0,0.0,0.0
1663722036166324994,0.5,0.0,0.0,0.0,0.0,0.0
1663722036186894570,0.5,0.0,0.0,0.0,0.0,0.0
1663722036207083566,0.5,0.0,0.0,0.0,0.0,0.0
1663722036227227841,0.5,0.0,0.0,0.0,0.0,0.0
1663722036247444435,0.5,0.0,0.0,0.0,0.0,0.0
1663722036267734451,0.5,0.0,0.0,0.0,0.0,0.0
1663722036287884343,0.5,0.0,0.0,0.0,0.0,0.0
1663722036308056393,0.5,0.0,0.0,0.0,0.0,0.0
1663722036328294880,0.5,0.0,0.0,0.0,0.0,0.0
1663722036348553814,0.5,0.0,0.0,0.0,0.0,0.0
1663722036368885591,0.5,0.0,0.0,0.0,0.0,0.0
1663722036389040517,0.5,0.0,0.0,0.0,0.0,0.0
1663722036409386547,0.5,0.0,0.0,0.0,0.0,0.0
1663722036429447416,0.5,0.0,0.0,0.0,0.0,0.0
1663722036449785574,0.5,0.0,0.0,0.0,0.0,0.0
1663722036469970929,0.5,0.0,0.0,0.0,0.0,0.0
1663722036490173533,0.5,0.0,0.0,0.0,0.0,0.0
1663722036510362516,0.5,0.0,0.0,0.0,0.0,0.0
1663722036530553687,0.5,0.0,0.0,0.0,0.0,0.0
1663722036550729420,0.5,0.0,0.0,0.0,0.0,0.0
1663722036570837120,0.5,0.0,0.0,0.0,0.0,0.0
1663722036591417097,0.5,0.0,0.0,0.0,0.0,0.0
1663722036611458563,0.5,0.0,0.0,0.0,0.0,0.0
1663722036632328478,0.5,0.0,0.0,0.0,0.0,0.0
1663722036652432930,0.5,0.0,0.0,0.0,0.0,0.0
1663722036674945604,0.5,0.0,0.0,0.0,0.0,0.0
1663722036695137942,0.5,0.0,0.0,0.0,0.0,0.0
1663722036715406120,0.5,0.0,0.0,0.0,0.0,0.0
1663722036735788200,0.5,0.0,0.0,0.0,0.0,0.0
1663722036756104431,0.5,0.0,0.0,0.0,0.0,0.0
1663722036776296348,0.5,0.0,0.0,0.0,0.0,0.0
1663722036796459825,0.5,0.0,0.0,0.0,0.0,0.0
1663722036816576110,0.5,0.0,0.0,0.0,0.0,0.0
1663722036836834971,0.5,0.0,0.0,0.0,0.0,0.0
1663722036856946928,0.5,0.0,0.0,0.0,0.0,0.0
1663722036877316300,0.5,0.0,0.0,0.0,0.0,0.0
1663722036897444198,0.5,0.0,0.0,0.0,0.0,0.0
1663722036917666857,0.5,0.0,0.0,0.0,0.0,0.0
1663722036937779624,0.5,0.0,0.0,0.0,0.0,0.0
1663722036957986257,0.5,0.0,0.0,0.0,0.0,0.0
1663722036978231889,0.5,0.0,0.0,0.0,0.0,0.0
1663722036998861645,0.5,0.0,0.0,0.0,0.0,0.0
1663722037019077918,0.5,0.0,0.0,0.0,0.0,0.0
1663722037039246028,0.5,0.0,0.0,0.0,0.0,0.0
1663722037059862019,0.5,0.0,0.0,0.0,0.0,0.0
1663722037079745586,0.5,0.0,0.0,0.0,0.0,0.0
1663722037100087841,0.5,0.0,0.0,0.0,0.0,0.0
1663722037120200899,0.5,0.0,0.0,0.0,0.0,0.0
1663722037140347701,0.5,0.0,0.0,0.0,0.0,0.0
1663722037160573752,0.5,0.0,0.0,0.0,0.0,0.0
1663722037180781747,0.5,0.0,0.0,0.0,0.0,0.0
1663722037200897688,0.5,0.0,0.0,0.0,0.0,0.0
1663722037221127058,0.5,0.0,0.0,0.0,0.0,0.0
1663722037241466948,0.5,0.0,0.0,0.0,0.0,0.0
1663722037261798527,0.5,0.0,0.0,0.0,0.0,0.0
1663722037282012893,0.5,0.0,0.0,0.0,0.0,0.0
1663722037302187688,0.5,0.0,0.0,0.0,0.0,0.0
1663722037322316506,0.5,0.0,0.0,0.0,0.0,0.0
1663722037342499836,0.5,0.0,0.0,0.0,0.0,0.0
1663722037362848500,0.5,0.0,0.0,0.0,0.0,0.0
1663722037383008795,0.5,0.0,0.0,0.0,0.0,0.0
1663722037403245625,0.5,0.0,0.0,0.0,0.0,0.0
1663722037423408486,0.5,0.0,0.0,0.0,0.0,0.0
1663722037443696937,0.5,0.0,0.0,0.0,0.0,0.0
1663722037463800253,0.5,0.0,0.0,0.0,0.0,0.0
1663722037484029637,0.5,0.0,0.0,0.0,0.0,0.0
1663722037504233021,0.5,0.0,0.0,0.0,0.0,0.0
1663722037524419472,0.5,0.0,0.0,0.0,0.0,0.0
1663722037544559619,0.5,0.0,0.0,0.0,0.0,0.0
1663722037564789757,0.5,0.0,0.0,0.0,0.0,0.0
1663722037584995291,0.5,0.0,0.0,0.0,0.0,0.0
1663722037605315593,0.5,0.0,0.0,0.0,0.0,0.0
1663722037626247944,0.5,0.0,0.0,0.0,0.0,0.0
1663722037645655346,0.5,0.0,0.0,0.0,0.0,0.0
1663722037666036116,0.5,0.0,0.0,0.0,0.0,0.0
1663722037686126275,0.5,0.0,0.0,0.0,0.0,0.0
1663722037706333161,0.5,0.0,0.0,0.0,0.0,0.0
1663722037726513987,0.5,0.0,0.0,0.0,0.0,0.0
1663722037746769603,0.5,0.0,0.0,0.0,0.0,0.0
1663722037766933549,0.5,0.0,0.0,0.0,0.0,0.0
1663722037787115536,0.5,0.0,0.0,0.0,0.0,0.0
1663722037807269669,0.5,0.0,0.0,0.0,0.0,0.0
1663722037827430050,0.5,0.0,0.0,0.0,0.0,0.0
1663722037847629973,0.5,0.0,0.0,0.0,0.0,0.0
1663722037867846713,0.5,0.0,0.0,0.0,0.0,0.0
1663722037888045343,0.5,0.0,0.0,0.0,0.0,0.0
1663722037909626966,0.5,0.0,0.0,0.0,0.0,0.0
1663722037929869766,0.5,0.0,0.0,0.0,0.0,0.0
1663722037950080775,0.5,0.0,0.0,0.0,0.0,0.0
1663722037970553627,0.5,0.0,0.0,0.0,0.0,0.0
1663722037990466508,0.5,0.0,0.0,0.0,0.0,0.0
1663722038010667121,0.5,0.0,0.0,0.0,0.0,0.0
1663722038030800688,0.5,0.0,0.0,0.0,0.0,0.0
1663722038051064589,0.5,0.0,0.0,0.0,0.0,0.0
1663722038071352616,0.5,0.0,0.0,0.0,0.0,0.0
1663722038091501933,0.5,0.0,0.0,0.0,0.0,0.0
1663722038111645537,0.5,0.0,0.0,0.0,0.0,0.0
1663722038131814039,0.5,0.0,0.0,0.0,0.0,0.0
1663722038152022205,0.5,0.0,0.0,0.0,0.0,0.0
1663722038172246089,0.5,0.0,0.0,0.0,0.0,0.0
1663722038192360722,0.5,0.0,0.0,0.0,0.0,0.0
1663722038212589388,0.5,0.0,0.0,0.0,0.0,0.0
1663722038232746283,0.5,0.0,0.0,0.0,0.0,0.0
1663722038252949934,0.5,0.0,0.0,0.0,0.0,0.0
1663722038273108642,0.5,0.0,0.0,0.0,0.0,0.0
1663722038293369641,0.5,0.0,0.0,0.0,0.0,0.0
1663722038314254627,0.5,0.0,0.0,0.0,0.0,0.0
1663722038334352673,0.5,0.0,0.0,0.0,0.0,0.0
1663722038355626321,0.5,0.0,0.0,0.0,0.0,0.0
1663722038375906329,0.5,0.0,0.0,0.0,0.0,0.0
1663722038398690277,0.5,0.0,0.0,0.0,0.0,0.0
1663722038418978364,0.5,0.0,0.0,0.0,0.0,0.0
1663722038441819034,0.5,0.0,0.0,0.0,0.0,0.0
1663722038461479745,0.5,0.0,0.0,0.0,0.0,0.0
1663722038483922354,0.5,0.0,0.0,0.0,0.0,0.0
1663722038504091559,0.5,0.0,0.0,0.0,0.0,0.0
1663722038524898180,0.5,0.0,0.0,0.0,0.0,0.0
1663722038545200743,0.5,0.0,0.0,0.0,0.0,0.0
1663722038565476805,0.5,0.0,0.0,0.0,0.0,0.0
1663722038585716864,0.5,0.0,0.0,0.0,0.0,0.0
1663722038605892496,0.5,0.0,0.0,0.0,0.0,0.0
1663722038626108356,0.5,0.0,0.0,0.0,0.0,0.0
1663722038646318906,0.5,0.0,0.0,0.0,0.0,0.0
1663722038666419414,0.5,0.0,0.0,0.0,0.0,0.0
1663722038686658039,0.5,0.0,0.0,0.0,0.0,0.0
1663722038706822197,0.5,0.0,0.0,0.0,0.0,0.0
1663722038727059614,0.5,0.0,0.0,0.0,0.0,0.0
1663722038747254095,0.5,0.0,0.0,0.0,0.0,0.0
1663722038767430158,0.5,0.0,0.0,0.0,0.0,0.0
1663722038787593152,0.5,0.0,0.0,0.0,0.0,0.0
1663722038807786942,0.5,0.0,0.0,0.0,0.0,0.0
1663722038827997575,0.5,0.0,0.0,0.0,0.0,0.0
1663722038848135165,0.0,0.0,0.0,0.0,0.0,0.0
1663722038868357953,0.0,0.0,0.0,0.0,0.0,0.0
1663722038888572108,0.0,0.0,0.0,0.0,0.0,0.0
1663722038908854960,0.0,0.0,0.0,0.0,0.0,0.0
1663722038928936961,0.0,0.0,0.0,0.0,0.0,0.0
1663722038949354915,0.0,0.0,0.0,0.0,0.0,0.0
1663722038969521630,0.0,0.0,0.0,0.0,0.0,0.0
1663722038989709747,0.0,0.0,0.0,0.0,0.0,0.0
1663722039009883002,0.0,0.0,0.0,0.0,0.0,0.0
1663722039030012808,0.0,0.0,0.0,0.0,0.0,0.0
1663722039050295613,0.0,0.0,0.0,0.0,0.0,0.0
1663722039070502257,0.0,0.0,0.0,0.0,0.0,0.0
1663722039090620774,0.0,0.0,0.0,0.0,0.0,0.0
1663722039110913312,0.0,0.0,0.0,0.0,0.0,0.0
1663722039131074011,0.0,0.0,0.0,0.0,0.0,0.0
1663722039151209380,0.0,0.0,0.0,0.0,0.0,0.0
1663722039171347836,0.0,0.0,0.0,0.0,0.0,0.0
1663722039191471578,0.0,0.0,0.0,0.0,0.0,0.0
1663722039211640582,0.0,0.0,0.0,0.0,0.0,0.0
1663722039231888632,0.0,0.0,0.0,0.0,0.0,0.0
1663722039252060471,0.0,0.0,0.0,0.0,0.0,0.0
1663722039272269442,0.0,0.0,0.0,0.0,0.0,0.0
1663722039292452325,0.0,0.0,0.0,0.0,0.0,0.0
1663722039312776066,0.0,0.0,0.0,0.0,0.0,0.0
1663722039333140127,0.0,0.0,0.0,0.0,0.0,0.0
1663722039353374263,0.0,0.0,0.0,0.0,0.0,0.0
1663722039373638454,0.0,0.0,0.0,0.0,0.0,0.0
1663722039393836894,0.0,0.0,0.0,0.0,0.0,0.0
1663722039414048998,0.0,0.0,0.0,0.0,0.0,0.0
1663722039434200206,0.0,0.0,0.0,0.0,0.0,0.0
1663722039454547718,0.0,0.0,0.0,0.0,0.0,0.0
1663722039474798781,0.0,0.0,0.0,0.0,0.0,0.0
1663722039495006716,0.0,0.0,0.0,0.0,0.0,0.0
1663722039515215997,0.0,0.0,0.0,0.0,0.0,0.0
1663722039535305708,0.0,0.0,0.0,0.0,0.0,0.0
1663722039555509131,0.0,0.0,0.0,0.0,0.0,0.0
1663722039575645056,0.0,0.0,0.0,0.0,0.0,0.0
1663722039595910144,0.0,0.0,0.0,0.0,0.0,0.0
1663722039616071034,0.0,0.0,0.0,0.0,0.0,0.0
1663722039636194718,0.0,0.0,0.0,0.0,0.0,0.0
1663722039656405425,0.0,0.0,0.0,0.0,0.0,0.0
1663722039676588701,0.0,0.0,0.0,0.0,0.0,0.0
1663722039696737982,0.0,0.0,0.0,0.0,0.0,0.0
1663722039716967031,0.0,0.0,0.0,0.0,0.0,0.0
1663722039737339509,0.0,0.0,0.0,0.0,0.0,0.0
1663722039757752345,0.0,0.0,0.0,0.0,0.0,0.0
1663722039778014013,0.0,0.0,0.0,0.0,0.0,0.0
1663722039798442256,0.0,0.0,0.0,0.0,0.0,0.0
1663722039818692900,0.0,0.0,0.0,0.0,0.0,0.0
1663722039839185467,0.0,0.0,0.0,0.0,0.0,0.0
1663722039859156365,0.0,0.0,0.0,0.0,0.0,0.0
1663722039879318944,0.0,0.0,0.0,0.0,0.0,0.0
1663722039899585804,0.0,0.0,0.0,0.0,0.0,0.0
1663722039919803165,0.0,0.0,0.0,0.0,0.0,0.0
1663722039939972828,0.0,0.0,0.0,0.0,0.0,0.0
1663722039960208482,0.0,0.0,0.0,0.0,0.0,0.0
1663722039981635488,0.0,0.0,0.0,0.0,0.0,0.0
1663722040001964062,0.0,0.0,0.0,0.0,0.0,0.0
1663722040022162821,0.0,0.0,0.0,0.0,0.0,0.0
1663722040042469696,0.0,0.0,0.0,0.0,0.0,0.0
1663722040062905413,0.0,0.0,0.0,0.0,0.0,0.0
1663722040083011480,0.0,0.0,0.0,0.0,0.0,0.0
1663722040103435474,0.0,0.0,0.0,0.0,0.0,0.0
1663722040123400865,0.0,0.0,0.0,0.0,0.0,0.0
1663722040143680144,0.0,0.0,0.0,0.0,0.0,0.0
1663722040163902799,0.0,0.0,0.0,0.0,0.0,0.0
1663722040184185568,0.0,0.0,0.0,0.0,0.0,0.0
1663722040204336446,0.0,0.0,0.0,0.0,0.0,0.0
1663722040224535253,0.0,0.0,0.0,0.0,0.0,0.0
1663722040244733865,0.0,0.0,0.0,0.0,0.0,0.0
1663722040264870664,0.0,0.0,0.0,0.0,0.0,0.0
1663722040285190634,0.0,0.0,0.0,0.0,0.0,0.0
1663722040305310503,0.0,0.0,0.0,0.0,0.0,0.0
1663722040325542773,0.0,0.0,0.0,0.0,0.0,0.0
1663722040345748086,0.0,0.0,0.0,0.0,0.0,0.0
1663722040365911865,0.0,0.0,0.0,0.0,0.0,0.0
1663722040385991324,0.0,0.0,0.0,0.0,0.0,0.0
1663722040406298420,0.0,0.0,0.0,0.0,0.0,0.0
1663722040426466085,0.0,0.0,0.0,0.0,0.0,0.0
1663722040446739777,0.0,0.0,0.0,0.0,0.0,0.0
1663722040466872498,0.0,0.0,0.0,0.0,0.0,0.0
1663722040487239864,0.0,0.0,0.0,0.0,0.0,0.0
1663722040507395815,0.0,0.0,0.0,0.0,0.0,0.0
1663722040527650978,0.0,0.0,0.0,0.0,0.0,0.0
1663722040547851836,0.0,0.0,0.0,0.0,0.0,0.0
1663722040568011503,0.0,0.0,0.0,0.0,0.0,0.0
1663722040588187879,0.0,0.0,0.0,0.0,0.0,0.0
1663722040608398836,0.0,0.0,0.0,0.0,0.0,0.0
1663722040628566556,0.0,0.0,0.0,0.0,0.0,0.0
1663722040648784181,0.0,0.0,0.0,0.0,0.0,0.0
1663722040668993963,0.0,0.0,0.0,0.0,0.0,0.0
1663722040689210666,0.0,0.0,0.0,0.0,0.0,0.0
1663722040709349380,0.0,0.0,0.0,0.0,0.0,0.0
1663722040729674882,0.0,0.0,0.0,0.0,0.0,0.0
1663722040749873343,0.0,0.0,0.0,0.0,0.0,0.0
1663722040770240838,0.0,0.0,0.0,0.0,0.0,0.0
1663722040790983280,0.0,0.0,0.0,0.0,0.0,0.0
1663722040810599208,0.0,0.0,0.0,0.0,0.0,0.0
1663722040833638214,0.0,0.0,0.0,0.0,0.0,0.0
1663722040851219822,0.0,0.0,0.0,0.0,0.0,0.0
1663722040871503796,0.0,0.0,0.0,0.0,0.0,0.0
1663722040891681637,0.0,0.0,0.0,0.0,0.0,0.0
1663722040911838630,0.0,0.0,0.0,0.0,0.0,0.0
1663722040931979658,0.0,0.0,0.0,0.0,0.0,0.0
1663722040952233622,0.0,0.0,0.0,0.0,0.0,0.0
1663722040972467490,0.0,0.0,0.0,0.0,0.0,0.0
1663722040992617163,0.0,0.0,0.0,0.0,0.0,0.0
1663722041012812368,0.0,0.0,0.0,0.0,0.0,0.0
1663722041033142862,0.0,0.0,0.0,0.0,0.0,0.0
1663722041053403892,0.0,0.0,0.0,0.0,0.0,0.0
1663722041073493192,0.0,0.0,0.0,0.0,0.0,0.0
1663722041093706009,0.0,0.0,0.0,0.0,0.0,0.0
1663722041113856599,0.0,0.0,0.0,0.0,0.0,0.0
1663722041134029007,0.0,0.0,0.0,0.0,0.0,0.0
1663722041154217059,0.0,0.0,0.0,0.0,0.0,0.0
1663722041174330052,0.0,0.0,0.0,0.0,0.0,0.0
1663722041194457629,0.0,0.0,0.0,0.0,0.0,0.0
1663722041214684932,0.0,0.0,0.0,0.0,0.0,0.0
1663722041234879514,0.0,0.0,0.0,0.0,0.0,0.0
1663722041255002975,0.0,0.0,0.0,0.0,0.0,0.0
1663722041275227457,0.0,0.0,0.0,0.0,0.0,0.0
1663722041295400031,0.0,0.0,0.0,0.0,0.0,0.0
1663722041315774005,0.0,0.0,0.0,0.0,0.0,0.0
1663722041335921001,0.0,0.0,0.0,0.0,0.0,0.0
1663722041356975113,0.0,0.0,0.0,0.0,0.0,0.0
1663722041377050489,0.0,0.0,0.0,0.0,0.0,0.0
1663722041397773849,0.0,0.0,0.0,0.0,0.0,0.0
1663722041417875061,0.0,0.0,0.0,0.0,0.0,0.0
1663722041438080235,0.0,0.0,0.0,0.0,0.0,0.0
1663722041458224091,0.0,0.0,0.0,0.0,0.0,0.0
1663722041478391777,0.0,0.0,0.0,0.0,0.0,0.0
1663722041498583623,0.0,0.0,0.0,0.0,0.0,0.0
1663722041518805867,0.0,0.0,0.0,0.0,0.0,0.0
1663722041538869829,0.0,0.0,0.0,0.0,0.0,0.0
1663722041559213621,0.0,0.0,0.0,0.0,0.0,0.0
1663722041566572588,-0.5,0.0,0.0,0.0,0.0,0.0
1663722041586799355,-0.5,0.0,0.0,0.0,0.0,0.0
1663722041606929454,-0.5,0.0,0.0,0.0,0.0,0.0
1663722041627190152,-0.5,0.0,0.0,0.0,0.0,0.0
1663722041647311999,-0.5,0.0,0.0,0.0,0.0,0.0
1663722041667545624,-0.5,0.0,0.0,0.0,0.0,0.0
1663722041687726319,-0.5,0.0,0.0,0.0,0.0,0.0
1663722041707926931,-0.5,0.0,0.0,0.0,0.0,0.0
1663722041728179089,-0.5,0.0,0.0,0.0,0.0,0.0
1663722041748595245,-0.5,0.0,0.0,0.0,0.0,0.0
1663722041768549448,-0.5,0.0,0.0,0.0,0.0,0.0
1663722041791173988,-0.5,0.0,0.0,0.0,0.0,0.0
1663722041811562610,-0.5,0.0,0.0,0.0,0.0,0.0
1663722041834327783,-0.5,0.0,0.0,0.0,0.0,0.0
1663722041854542434,-0.5,0.0,0.0,0.0,0.0,0.0
1663722041876642050,-0.5,0.0,0.0,0.0,0.0,0.0
1663722041896748868,-0.5,0.0,0.0,0.0,0.0,0.0
1663722041920721177,-0.5,0.0,0.0,0.0,0.0,0.0
1663722041940950472,-0.5,0.0,0.0,0.0,0.0,0.0
1663722041961253852,-0.5,0.0,0.0,0.0,0.0,0.0
1663722041981497668,-0.5,0.0,0.0,0.0,0.0,0.0
1663722042001751745,-0.5,0.0,0.0,0.0,0.0,0.0
1663722042022011705,-0.5,0.0,0.0,0.0,0.0,0.0
1663722042042153001,-0.5,0.0,0.0,0.0,0.0,0.0
1663722042062440519,-0.5,0.0,0.0,0.0,0.0,0.0
1663722042082799247,-0.5,0.0,0.0,0.0,0.0,0.0
1663722042102955530,-0.5,0.0,0.0,0.0,0.0,0.0
1663722042123305601,-0.5,0.0,0.0,0.0,0.0,0.0
1663722042143618806,-0.5,0.0,0.0,0.0,0.0,0.0
1663722042163940063,-0.5,0.0,0.0,0.0,0.0,0.0
1663722042184090005,-0.5,0.0,0.0,0.0,0.0,0.0
1663722042204419622,-0.5,0.0,0.0,0.0,0.0,0.0
1663722042224533163,-0.5,0.0,0.0,0.0,0.0,0.0
1663722042244814456,-0.5,0.0,0.0,0.0,0.0,0.0
1663722042265020053,-0.5,0.0,0.0,0.0,0.0,0.0
1663722042285161919,-0.5,0.0,0.0,0.0,0.0,0.0
1663722042305299220,-0.5,0.0,0.0,0.0,0.0,0.0
1663722042325473414,-0.5,0.0,0.0,0.0,0.0,0.0
1663722042345667005,-0.5,0.0,0.0,0.0,0.0,0.0
1663722042365968990,-0.5,0.0,0.0,0.0,0.0,0.0
1663722042386227584,-0.5,0.0,0.0,0.0,0.0,0.0
1663722042406390143,-0.5,0.0,0.0,0.0,0.0,0.0
1663722042426685315,-0.5,0.0,0.0,0.0,0.0,0.0
1663722042446978787,-0.5,0.0,0.0,0.0,0.0,0.0
1663722042468665474,-0.5,0.0,0.0,0.0,0.0,0.0
1663722042488934812,-0.5,0.0,0.0,0.0,0.0,0.0
1663722042509165108,-0.5,0.0,0.0,0.0,0.0,0.0
1663722042529401061,-0.5,0.0,0.0,0.0,0.0,0.0
1663722042549555715,-0.5,0.0,0.0,0.0,0.0,0.0
1663722042569739002,-0.5,0.0,0.0,0.0,0.0,0.0
1663722042589965047,-0.5,0.0,0.0,0.0,0.0,0.0
1663722042610121328,-0.5,0.0,0.0,0.0,0.0,0.0
1663722042630384069,-0.5,0.0,0.0,0.0,0.0,0.0
1663722042650612799,-0.5,0.0,0.0,0.0,0.0,0.0
1663722042670709554,-0.5,0.0,0.0,0.0,0.0,0.0
1663722042690929354,-0.5,0.0,0.0,0.0,0.0,0.0
1663722042711153321,-0.5,0.0,0.0,0.0,0.0,0.0
1663722042733727193,-0.5,0.0,0.0,0.0,0.0,0.0
1663722042753959436,-0.5,0.0,0.0,0.0,0.0,0.0
1663722042774256592,-0.5,0.0,0.0,0.0,0.0,0.0
1663722042794371012,-0.5,0.0,0.0,0.0,0.0,0.0
1663722042814774190,-0.5,0.0,0.0,0.0,0.0,0.0
1663722042834792333,-0.5,0.0,0.0,0.0,0.0,0.0
1663722042855009023,-0.5,0.0,0.0,0.0,0.0,0.0
1663722042875187990,-0.5,0.0,0.0,0.0,0.0,0.0
1663722042895430944,-0.5,0.0,0.0,0.0,0.0,0.0
1663722042915599166,-0.5,0.0,0.0,0.0,0.0,0.0
1663722042935814040,-0.5,0.0,0.0,0.0,0.0,0.0
1663722042956021764,-0.5,0.0,0.0,0.0,0.0,0.0
1663722042976443349,-0.5,0.0,0.0,0.0,0.0,0.0
1663722042996524266,-0.5,0.0,0.0,0.0,0.0,0.0
1663722043016963670,-0.5,0.0,0.0,0.0,0.0,0.0
1663722043037336101,-0.5,0.0,0.0,0.0,0.0,0.0
1663722043057156509,-0.5,0.0,0.0,0.0,0.0,0.0
1663722043077505647,-0.5,0.0,0.0,0.0,0.0,0.0
1663722043097697907,-0.5,0.0,0.0,0.0,0.0,0.0
1663722043117871279,-0.5,0.0,0.0,0.0,0.0,0.0
1663722043138004342,-0.5,0.0,0.0,0.0,0.0,0.0
1663722043158226544,-0.5,0.0,0.0,0.0,0.0,0.0
1663722043178378355,-0.5,0.0,0.0,0.0,0.0,0.0
1663722043198608313,-0.5,0.0,0.0,0.0,0.0,0.0
1663722043218776949,-0.5,0.0,0.0,0.0,0.0,0.0
1663722043238952652,-0.5,0.0,0.0,0.0,0.0,0.0
1663722043259146757,-0.5,0.0,0.0,0.0,0.0,0.0
1663722043279270461,-0.5,0.0,0.0,0.0,0.0,0.0
1663722043301770095,-0.5,0.0,0.0,0.0,0.0,0.0
1663722043322086868,-0.5,0.0,0.0,0.0,0.0,0.0
1663722043345276128,-0.5,0.0,0.0,0.0,0.0,0.0
1663722043365437184,-0.5,0.0,0.0,0.0,0.0,0.0
1663722043385821117,-0.5,0.0,0.0,0.0,0.0,0.0
1663722043406034816,-0.5,0.0,0.0,0.0,0.0,0.0
1663722043426260375,-0.5,0.0,0.0,0.0,0.0,0.0
1663722043446419865,-0.5,0.0,0.0,0.0,0.0,0.0
1663722043466678841,-0.5,0.0,0.0,0.0,0.0,0.0
1663722043486825512,-0.5,0.0,0.0,0.0,0.0,0.0
1663722043508880711,-0.5,0.0,0.0,0.0,0.0,0.0
1663722043529047820,-0.5,0.0,0.0,0.0,0.0,0.0
1663722043549308922,-0.5,0.0,0.0,0.0,0.0,0.0
1663722043569524806,-0.5,0.0,0.0,0.0,0.0,0.0
1663722043589772475,-0.5,0.0,0.0,0.0,0.0,0.0
1663722043609900235,-0.5,0.0,0.0,0.0,0.0,0.0
1663722043630099290,-0.5,0.0,0.0,0.0,0.0,0.0
1663722043650298639,-0.5,0.0,0.0,0.0,0.0,0.0
1663722043670485496,-0.5,0.0,0.0,0.0,0.0,0.0
1663722043690635094,-0.5,0.0,0.0,0.0,0.0,0.0
1663722043710869813,-0.5,0.0,0.0,0.0,0.0,0.0
1663722043731009933,-0.5,0.0,0.0,0.0,0.0,0.0
1663722043751421565,-0.5,0.0,0.0,0.0,0.0,0.0
1663722043771655006,-0.5,0.0,0.0,0.0,0.0,0.0
1663722043792052565,-0.5,0.0,0.0,0.0,0.0,0.0
1663722043812362867,-0.5,0.0,0.0,0.0,0.0,0.0
1663722043832618669,-0.5,0.0,0.0,0.0,0.0,0.0
1663722043852922286,-0.5,0.0,0.0,0.0,0.0,0.0
1663722043872903344,-0.5,0.0,0.0,0.0,0.0,0.0
1663722043893109253,-0.5,0.0,0.0,0.0,0.0,0.0
1663722043913284733,-0.5,0.0,0.0,0.0,0.0,0.0
1663722043933644312,-0.5,0.0,0.0,0.0,0.0,0.0
1663722043953798710,-0.5,0.0,0.0,0.0,0.0,0.0
1663722043974038074,-0.5,0.0,0.0,0.0,0.0,0.0
1663722043994240938,-0.5,0.0,0.0,0.0,0.0,0.0
1663722044014354368,-0.5,0.0,0.0,0.0,0.0,0.0
1663722044034626948,-0.5,0.0,0.0,0.0,0.0,0.0
1663722044054768447,-0.5,0.0,0.0,0.0,0.0,0.0
1663722044074959170,-0.5,0.0,0.0,0.0,0.0,0.0
1663722044095146672,-0.5,0.0,0.0,0.0,0.0,0.0
1663722044115345815,-0.5,0.0,0.0,0.0,0.0,0.0
1663722044135541122,-0.5,0.0,0.0,0.0,0.0,0.0
1663722044155757226,-0.5,0.0,0.0,0.0,0.0,0.0
1663722044176028722,-0.5,0.0,0.0,0.0,0.0,0.0
1663722044196380152,-0.5,0.0,0.0,0.0,0.0,0.0
1663722044216877092,-0.5,0.0,0.0,0.0,0.0,0.0
1663722044237249298,-0.5,0.0,0.0,0.0,0.0,0.0
1663722044257497191,-0.5,0.0,0.0,0.0,0.0,0.0
1663722044277851504,-0.5,0.0,0.0,0.0,0.0,0.0
1663722044298057824,-0.5,0.0,0.0,0.0,0.0,0.0
1663722044319866286,-0.5,0.0,0.0,0.0,0.0,0.0
1663722044340086007,-0.5,0.0,0.0,0.0,0.0,0.0
1663722044360468040,-0.5,0.0,0.0,0.0,0.0,0.0
1663722044380455598,-0.5,0.0,0.0,0.0,0.0,0.0
1663722044400716922,-0.5,0.0,0.0,0.0,0.0,0.0
1663722044420937994,-0.5,0.0,0.0,0.0,0.0,0.0
1663722044441095211,-0.5,0.0,0.0,0.0,0.0,0.0
1663722044461286133,-0.5,0.0,0.0,0.0,0.0,0.0
1663722044481529446,-0.5,0.0,0.0,0.0,0.0,0.0
1663722044501669957,-0.5,0.0,0.0,0.0,0.0,0.0
1663722044521914177,-0.5,0.0,0.0,0.0,0.0,0.0
1663722044542093513,-0.5,0.0,0.0,0.0,0.0,0.0
1663722044562251036,-0.5,0.0,0.0,0.0,0.0,0.0
1663722044582631410,-0.5,0.0,0.0,0.0,0.0,0.0
1663722044602889433,-0.5,0.0,0.0,0.0,0.0,0.0
1663722044623171322,-0.5,0.0,0.0,0.0,0.0,0.0
1663722044643331486,-0.5,0.0,0.0,0.0,0.0,0.0
1663722044663726440,-0.5,0.0,0.0,0.0,0.0,0.0
1663722044683919130,-0.5,0.0,0.0,0.0,0.0,0.0
1663722044704042227,-0.5,0.0,0.0,0.0,0.0,0.0
1663722044724342280,-0.5,0.0,0.0,0.0,0.0,0.0
1663722044744618712,-0.5,0.0,0.0,0.0,0.0,0.0
1663722044764779999,-0.5,0.0,0.0,0.0,0.0,0.0
1663722044784943008,-0.5,0.0,0.0,0.0,0.0,0.0
1663722044805137475,-0.5,0.0,0.0,0.0,0.0,0.0
1663722044825280606,-0.5,0.0,0.0,0.0,0.0,0.0
1663722044845462596,-0.5,0.0,0.0,0.0,0.0,0.0
1663722044865742373,-0.5,0.0,0.0,0.0,0.0,0.0
1663722044885903570,-0.5,0.0,0.0,0.0,0.0,0.0
1663722044906200052,-0.5,0.0,0.0,0.0,0.0,0.0
1663722044926377284,-0.5,0.0,0.0,0.0,0.0,0.0
1663722044946766147,-0.5,0.0,0.0,0.0,0.0,0.0
1663722044966836623,-0.5,0.0,0.0,0.0,0.0,0.0
1663722044987033407,-0.5,0.0,0.0,0.0,0.0,0.0
1663722045007213020,-0.5,0.0,0.0,0.0,0.0,0.0
1663722045027362438,-0.5,0.0,0.0,0.0,0.0,0.0
1663722045047617936,-0.5,0.0,0.0,0.0,0.0,0.0
1663722045067811266,-0.5,0.0,0.0,0.0,0.0,0.0
1663722045087924581,-0.5,0.0,0.0,0.0,0.0,0.0
1663722045108241136,-0.5,0.0,0.0,0.0,0.0,0.0
1663722045128372428,-0.5,0.0,0.0,0.0,0.0,0.0
1663722045148652286,-0.5,0.0,0.0,0.0,0.0,0.0
1663722045168959301,-0.5,0.0,0.0,0.0,0.0,0.0
1663722045189095894,-0.5,0.0,0.0,0.0,0.0,0.0
1663722045211898925,-0.5,0.0,0.0,0.0,0.0,0.0
1663722045232035480,-0.5,0.0,0.0,0.0,0.0,0.0
1663722045252381353,-0.5,0.0,0.0,0.0,0.0,0.0
1663722045272641509,-0.5,0.0,0.0,0.0,0.0,0.0
1663722045292784570,-0.5,0.0,0.0,0.0,0.0,0.0
1663722045312910268,-0.5,0.0,0.0,0.0,0.0,0.0
1663722045333202285,-0.5,0.0,0.0,0.0,0.0,0.0
1663722045353362261,-0.5,0.0,0.0,0.0,0.0,0.0
1663722045373677684,-0.5,0.0,0.0,0.0,0.0,0.0
1663722045393853052,-0.5,0.0,0.0,0.0,0.0,0.0
1663722045413982579,-0.5,0.0,0.0,0.0,0.0,0.0
1663722045434352202,-0.5,0.0,0.0,0.0,0.0,0.0
1663722045454591734,-0.5,0.0,0.0,0.0,0.0,0.0
1663722045476453049,-0.5,0.0,0.0,0.0,0.0,0.0
1663722045496534378,-0.5,0.0,0.0,0.0,0.0,0.0
1663722045516869332,-0.5,0.0,0.0,0.0,0.0,0.0
1663722045537022135,-0.5,0.0,0.0,0.0,0.0,0.0
1663722045557227715,-0.5,0.0,0.0,0.0,0.0,0.0
1663722045577481614,-0.5,0.0,0.0,0.0,0.0,0.0
1663722045597718051,-0.5,0.0,0.0,0.0,0.0,0.0
1663722045617854242,-0.5,0.0,0.0,0.0,0.0,0.0
1663722045638077901,-0.5,0.0,0.0,0.0,0.0,0.0
1663722045658187578,-0.5,0.0,0.0,0.0,0.0,0.0
1663722045678698224,-0.5,0.0,0.0,0.0,0.0,0.0
1663722045698905688,-0.5,0.0,0.0,0.0,0.0,0.0
1663722045719272555,-0.5,0.0,0.0,0.0,0.0,0.0
1663722045740312988,-0.5,0.0,0.0,0.0,0.0,0.0
1663722045759475277,-0.5,0.0,0.0,0.0,0.0,0.0
1663722045780068653,-0.5,0.0,0.0,0.0,0.0,0.0
1663722045800238618,-0.5,0.0,0.0,0.0,0.0,0.0
1663722045820409503,-0.5,0.0,0.0,0.0,0.0,0.0
1663722045840684951,-0.5,0.0,0.0,0.0,0.0,0.0
1663722045860899384,-0.5,0.0,0.0,0.0,0.0,0.0
1663722045881093534,-0.5,0.0,0.0,0.0,0.0,0.0
1663722045901735088,-0.5,0.0,0.0,0.0,0.0,0.0
1663722045921915920,-0.5,0.0,0.0,0.0,0.0,0.0
1663722045942045333,-0.5,0.0,0.0,0.0,0.0,0.0
1663722045963474699,-0.5,0.0,0.0,0.0,0.0,0.0
1663722045982397394,-0.5,0.0,0.0,0.0,0.0,0.0
1663722046002650947,-0.5,0.0,0.0,0.0,0.0,0.0
1663722046022784639,-0.5,0.0,0.0,0.0,0.0,0.0
1663722046042996023,-0.5,0.0,0.0,0.0,0.0,0.0
1663722046063169338,-0.5,0.0,0.0,0.0,0.0,0.0
1663722046083361070,-0.5,0.0,0.0,0.0,0.0,0.0
1663722046103538203,-0.5,0.0,0.0,0.0,0.0,0.0
1663722046123699199,-0.5,0.0,0.0,0.0,0.0,0.0
1663722046143861207,-0.5,0.0,0.0,0.0,0.0,0.0
1663722046164032117,-0.5,0.0,0.0,0.0,0.0,0.0
1663722046184320947,-0.5,0.0,0.0,0.0,0.0,0.0
1663722046204583081,-0.5,0.0,0.0,0.0,0.0,0.0
1663722046225010485,-0.5,0.0,0.0,0.0,0.0,0.0
1663722046245158193,-0.5,0.0,0.0,0.0,0.0,0.0
1663722046265575484,-0.5,0.0,0.0,0.0,0.0,0.0
1663722046285728764,-0.5,0.0,0.0,0.0,0.0,0.0
1663722046305953315,-0.5,0.0,0.0,0.0,0.0,0.0
1663722046326166957,-0.5,0.0,0.0,0.0,0.0,0.0
1663722046346324438,-0.5,0.0,0.0,0.0,0.0,0.0
1663722046366628780,-0.5,0.0,0.0,0.0,0.0,0.0
1663722046386833288,-0.5,0.0,0.0,0.0,0.0,0.0
1663722046406994785,-0.5,0.0,0.0,0.0,0.0,0.0
1663722046427301464,-0.5,0.0,0.0,0.0,0.0,0.0
1663722046449212982,-0.5,0.0,0.0,0.0,0.0,0.0
1663722046469316303,-0.5,0.0,0.0,0.0,0.0,0.0
1663722046489586799,-0.5,0.0,0.0,0.0,0.0,0.0
1663722046509778915,-0.5,0.0,0.0,0.0,0.0,0.0
1663722046529934895,-0.5,0.0,0.0,0.0,0.0,0.0
1663722046550083708,-0.5,0.0,0.0,0.0,0.0,0.0
1663722046570299906,-0.5,0.0,0.0,0.0,0.0,0.0
1663722046590414189,-0.5,0.0,0.0,0.0,0.0,0.0
1663722046610683895,-0.5,0.0,0.0,0.0,0.0,0.0
1663722046630905870,-0.5,0.0,0.0,0.0,0.0,0.0
1663722046651074910,-0.5,0.0,0.0,0.0,0.0,0.0
1663722046671337723,-0.5,0.0,0.0,0.0,0.0,0.0
1663722046691598763,-0.5,0.0,0.0,0.0,0.0,0.0
1663722046713103961,-0.5,0.0,0.0,0.0,0.0,0.0
1663722046733244612,-0.5,0.0,0.0,0.0,0.0,0.0
1663722046756150051,-0.5,0.0,0.0,0.0,0.0,0.0
1663722046776388819,-0.5,0.0,0.0,0.0,0.0,0.0
1663722046796661943,-0.5,0.0,0.0,0.0,0.0,0.0
1663722046816778663,-0.5,0.0,0.0,0.0,0.0,0.0
1663722046836966678,-0.5,0.0,0.0,0.0,0.0,0.0
1663722046857081266,-0.5,0.0,0.0,0.0,0.0,0.0
1663722046877281293,-0.5,0.0,0.0,0.0,0.0,0.0
1663722046897513216,-0.5,0.0,0.0,0.0,0.0,0.0
1663722046917690867,-0.5,0.0,0.0,0.0,0.0,0.0
1663722046937911306,-0.5,0.0,0.0,0.0,0.0,0.0
1663722046958247506,-0.5,0.0,0.0,0.0,0.0,0.0
1663722046978593447,-0.5,0.0,0.0,0.0,0.0,0.0
1663722046998870474,-0.5,0.0,0.0,0.0,0.0,0.0
1663722047019204593,-0.5,0.0,0.0,0.0,0.0,0.0
1663722047039346819,-0.5,0.0,0.0,0.0,0.0,0.0
1663722047059943490,-0.5,0.0,0.0,0.0,0.0,0.0
1663722047080121664,-0.5,0.0,0.0,0.0,0.0,0.0
1663722047100316697,-0.5,0.0,0.0,0.0,0.0,0.0
1663722047120428319,-0.5,0.0,0.0,0.0,0.0,0.0
1663722047140638779,-0.5,0.0,0.0,0.0,0.0,0.0
1663722047160840707,-0.5,0.0,0.0,0.0,0.0,0.0
1663722047181050188,-0.5,0.0,0.0,0.0,0.0,0.0
1663722047201250983,-0.5,0.0,0.0,0.0,0.0,0.0
1663722047221558572,-0.5,0.0,0.0,0.0,0.0,0.0
1663722047241746524,-0.5,0.0,0.0,0.0,0.0,0.0
1663722047262004345,-0.5,0.0,0.0,0.0,0.0,0.0
1663722047282279774,-0.5,0.0,0.0,0.0,0.0,0.0
1663722047306484368,-0.5,0.0,0.0,0.0,0.0,0.0
1663722047322690519,-0.5,0.0,0.0,0.0,0.0,0.0
1663722047342856534,-0.5,0.0,0.0,0.0,0.0,0.0
1663722047363004027,-0.5,0.0,0.0,0.0,0.0,0.0
1663722047383168067,-0.5,0.0,0.0,0.0,0.0,0.0
1663722047403375901,-0.5,0.0,0.0,0.0,0.0,0.0
1663722047423538075,-0.5,0.0,0.0,0.0,0.0,0.0
1663722047443902221,-0.5,0.0,0.0,0.0,0.0,0.0
1663722047464188135,-0.5,0.0,0.0,0.0,0.0,0.0
1663722047485932854,-0.5,0.0,0.0,0.0,0.0,0.0
1663722047504457321,-0.5,0.0,0.0,0.0,0.0,0.0
1663722047524858723,-0.5,0.0,0.0,0.0,0.0,0.0
1663722047545018253,-0.5,0.0,0.0,0.0,0.0,0.0
1663722047565380167,-0.5,0.0,0.0,0.0,0.0,0.0
1663722047585494553,-0.5,0.0,0.0,0.0,0.0,0.0
1663722047605711375,-0.5,0.0,0.0,0.0,0.0,0.0
1663722047625907677,-0.5,0.0,0.0,0.0,0.0,0.0
1663722047646120494,-0.5,0.0,0.0,0.0,0.0,0.0
1663722047666278993,-0.5,0.0,0.0,0.0,0.0,0.0
1663722047686625714,-0.5,0.0,0.0,0.0,0.0,0.0
1663722047706994399,-0.5,0.0,0.0,0.0,0.0,0.0
1663722047727237921,-0.5,0.0,0.0,0.0,0.0,0.0
1663722047747368815,-0.5,0.0,0.0,0.0,0.0,0.0
1663722047767583927,-0.5,0.0,0.0,0.0,0.0,0.0
1663722047787741960,-0.5,0.0,0.0,0.0,0.0,0.0
1663722047807905596,-0.5,0.0,0.0,0.0,0.0,0.0
1663722047828014630,-0.5,0.0,0.0,0.0,0.0,0.0
1663722047848218625,-0.5,0.0,0.0,0.0,0.0,0.0
1663722047868409067,-0.5,0.0,0.0,0.0,0.0,0.0
1663722047888561917,-0.5,0.0,0.0,0.0,0.0,0.0
1663722047908804408,-0.5,0.0,0.0,0.0,0.0,0.0
1663722047928955130,-0.5,0.0,0.0,0.0,0.0,0.0
1663722047949356267,-0.5,0.0,0.0,0.0,0.0,0.0
1663722047969675320,-0.5,0.0,0.0,0.0,0.0,0.0
1663722047989882687,-0.5,0.0,0.0,0.0,0.0,0.0
1663722048011970934,-0.5,0.0,0.0,0.0,0.0,0.0
1663722048032084387,-0.5,0.0,0.0,0.0,0.0,0.0
1663722048052411599,-0.5,0.0,0.0,0.0,0.0,0.0
1663722048072647744,-0.5,0.0,0.0,0.0,0.0,0.0
1663722048092909004,-0.5,0.0,0.0,0.0,0.0,0.0
1663722048113047951,-0.5,0.0,0.0,0.0,0.0,0.0
1663722048133338887,-0.5,0.0,0.0,0.0,0.0,0.0
1663722048153535139,-0.5,0.0,0.0,0.0,0.0,0.0
1663722048173723396,-0.5,0.0,0.0,0.0,0.0,0.0
1663722048193894000,-0.5,0.0,0.0,0.0,0.0,0.0
1663722048214251554,-0.5,0.0,0.0,0.0,0.0,0.0
1663722048234415753,-0.5,0.0,0.0,0.0,0.0,0.0
1663722048254660393,-0.5,0.0,0.0,0.0,0.0,0.0
1663722048274831558,-0.5,0.0,0.0,0.0,0.0,0.0
1663722048295429576,-0.5,0.0,0.0,0.0,0.0,0.0
1663722048315473347,-0.5,0.0,0.0,0.0,0.0,0.0
1663722048335746359,-0.5,0.0,0.0,0.0,0.0,0.0
1663722048355842548,-0.5,0.0,0.0,0.0,0.0,0.0
1663722048376054086,-0.5,0.0,0.0,0.0,0.0,0.0
1663722048397636757,-0.5,0.0,0.0,0.0,0.0,0.0
1663722048418056189,-0.5,0.0,0.0,0.0,0.0,0.0
1663722048439033439,-0.5,0.0,0.0,0.0,0.0,0.0
1663722048458347473,-0.5,0.0,0.0,0.0,0.0,0.0
1663722048478618111,-0.5,0.0,0.0,0.0,0.0,0.0
1663722048498735272,-0.5,0.0,0.0,0.0,0.0,0.0
1663722048518886741,-0.5,0.0,0.0,0.0,0.0,0.0
1663722048539023565,-0.5,0.0,0.0,0.0,0.0,0.0
1663722048559228926,-0.5,0.0,0.0,0.0,0.0,0.0
1663722048579425022,-0.5,0.0,0.0,0.0,0.0,0.0
1663722048599618307,-0.5,0.0,0.0,0.0,0.0,0.0
1663722048619753777,-0.5,0.0,0.0,0.0,0.0,0.0
1663722048639932341,-0.5,0.0,0.0,0.0,0.0,0.0
1663722048660126137,-0.5,0.0,0.0,0.0,0.0,0.0
1663722048680410424,-0.5,0.0,0.0,0.0,0.0,0.0
1663722048700708651,-0.5,0.0,0.0,0.0,0.0,0.0
1663722048720919120,-0.5,0.0,0.0,0.0,0.0,0.0
1663722048741204424,-0.5,0.0,0.0,0.0,0.0,0.0
1663722048761496518,-0.5,0.0,0.0,0.0,0.0,0.0
1663722048783006206,-0.5,0.0,0.0,0.0,0.0,0.0
1663722048803203858,-0.5,0.0,0.0,0.0,0.0,0.0
1663722048823694110,-0.5,0.0,0.0,0.0,0.0,0.0
1663722048843794190,-0.5,0.0,0.0,0.0,0.0,0.0
1663722048864055504,-0.5,0.0,0.0,0.0,0.0,0.0
1663722048884184859,-0.5,0.0,0.0,0.0,0.0,0.0
1663722048904367654,-0.5,0.0,0.0,0.0,0.0,0.0
1663722048924629202,-0.5,0.0,0.0,0.0,0.0,0.0
1663722048944820876,-0.5,0.0,0.0,0.0,0.0,0.0
1663722048965001674,-0.5,0.0,0.0,0.0,0.0,0.0
1663722048985265658,-0.5,0.0,0.0,0.0,0.0,0.0
1663722049005370831,-0.5,0.0,0.0,0.0,0.0,0.0
1663722049025612453,-0.5,0.0,0.0,0.0,0.0,0.0
1663722049045861084,-0.5,0.0,0.0,0.0,0.0,0.0
1663722049066122949,-0.5,0.0,0.0,0.0,0.0,0.0
1663722049086493441,-0.5,0.0,0.0,0.0,0.0,0.0
1663722049106616060,0.0,0.0,0.0,0.0,0.0,0.0
1663722049127107178,0.0,0.0,0.0,0.0,0.0,0.0
1663722049147209621,0.0,0.0,0.0,0.0,0.0,0.0
1663722049167584088,0.0,0.0,0.0,0.0,0.0,0.0
1663722049187673779,0.0,0.0,0.0,0.0,0.0,0.0
1663722049207987034,0.0,0.0,0.0,0.0,0.0,0.0
1663722049228052245,0.0,0.0,0.0,0.0,0.0,0.0
1663722049248328847,0.0,0.0,0.0,0.0,0.0,0.0
1663722049268459010,0.0,0.0,0.0,0.0,0.0,0.0
1663722049288670962,0.0,0.0,0.0,0.0,0.0,0.0
1663722049308824030,0.0,0.0,0.0,0.0,0.0,0.0
1663722049329099828,0.0,0.0,0.0,0.0,0.0,0.0
1663722049349302063,0.0,0.0,0.0,0.0,0.0,0.0
1663722049369451622,0.0,0.0,0.0,0.0,0.0,0.0
1663722049389721285,0.0,0.0,0.0,0.0,0.0,0.0
1663722049409886440,0.0,0.0,0.0,0.0,0.0,0.0
1663722049430133079,0.0,0.0,0.0,0.0,0.0,0.0
1663722049450317184,0.0,0.0,0.0,0.0,0.0,0.0
1663722049470623027,0.0,0.0,0.0,0.0,0.0,0.0
1663722049490808655,0.0,0.0,0.0,0.0,0.0,0.0
1663722049510942815,0.0,0.0,0.0,0.0,0.0,0.0
1663722049531153560,0.0,0.0,0.0,0.0,0.0,0.0
1663722049551371855,0.0,0.0,0.0,0.0,0.0,0.0
1663722049571667817,0.0,0.0,0.0,0.0,0.0,0.0
1663722049592041118,0.0,0.0,0.0,0.0,0.0,0.0
1663722049612124349,0.0,0.0,0.0,0.0,0.0,0.0
1663722049632360443,0.0,0.0,0.0,0.0,0.0,0.0
1663722049652562830,0.0,0.0,0.0,0.0,0.0,0.0
1663722049675343958,0.0,0.0,0.0,0.0,0.0,0.0
1663722049692933344,0.0,0.0,0.0,0.0,0.0,0.0
1663722049713136956,0.0,0.0,0.0,0.0,0.0,0.0
1663722049733286538,0.0,0.0,0.0,0.0,0.0,0.0
1663722049753550227,0.0,0.0,0.0,0.0,0.0,0.0
1663722049773661919,0.0,0.0,0.0,0.0,0.0,0.0
1663722049793887424,0.0,0.0,0.0,0.0,0.0,0.0
1663722049814006247,0.0,0.0,0.0,0.0,0.0,0.0
1663722049834238010,0.0,0.0,0.0,0.0,0.0,0.0
1663722049854660005,0.0,0.0,0.0,0.0,0.0,0.0
1663722049874801965,0.0,0.0,0.0,0.0,0.0,0.0
1663722049895007037,0.0,0.0,0.0,0.0,0.0,0.0
1663722049915166555,0.0,0.0,0.0,0.0,0.0,0.0
1663722049935406816,0.0,0.0,0.0,0.0,0.0,0.0
1663722049955786780,0.0,0.0,0.0,0.0,0.0,0.0
1663722049975921909,0.0,0.0,0.0,0.0,0.0,0.0
1663722049996125398,0.0,0.0,0.0,0.0,0.0,0.0
1663722050016273612,0.0,0.0,0.0,0.0,0.0,0.0
1663722050036554622,0.0,0.0,0.0,0.0,0.0,0.0
1663722050056717955,0.0,0.0,0.0,0.0,0.0,0.0
1663722050076926922,0.0,0.0,0.0,0.0,0.0,0.0
1663722050097109802,0.0,0.0,0.0,0.0,0.0,0.0
1663722050117261084,0.0,0.0,0.0,0.0,0.0,0.0
1663722050137437856,0.0,0.0,0.0,0.0,0.0,0.0
1663722050157789912,0.0,0.0,0.0,0.0,0.0,0.0
1663722050177944836,0.0,0.0,0.0,0.0,0.0,0.0
1663722050198189419,0.0,0.0,0.0,0.0,0.0,0.0
1663722050218343783,0.0,0.0,0.0,0.0,0.0,0.0
1663722050238570566,0.0,0.0,0.0,0.0,0.0,0.0
1663722050259012145,0.0,0.0,0.0,0.0,0.0,0.0
1663722050279153042,0.0,0.0,0.0,0.0,0.0,0.0
1663722050299419616,0.0,0.0,0.0,0.0,0.0,0.0
1663722050319502600,0.0,0.0,0.0,0.0,0.0,0.0
1663722050339687861,0.0,0.0,0.0,0.0,0.0,0.0
1663722050359902353,0.0,0.0,0.0,0.0,0.0,0.0
1663722050380170945,0.0,0.0,0.0,0.0,0.0,0.0
1663722050400352335,0.0,0.0,0.0,0.0,0.0,0.0
1663722050420544350,0.0,0.0,0.0,0.0,0.0,0.0
1663722050440745465,0.0,0.0,0.0,0.0,0.0,0.0
1663722050460964722,0.0,0.0,0.0,0.0,0.0,0.0
1663722050481148586,0.0,0.0,0.0,0.0,0.0,0.0
1663722050501343996,0.0,0.0,0.0,0.0,0.0,0.0
1663722050521526326,0.0,0.0,0.0,0.0,0.0,0.0
1663722050541825894,0.0,0.0,0.0,0.0,0.0,0.0
1663722050562022246,0.0,0.0,0.0,0.0,0.0,0.0
1663722050582360649,0.0,0.0,0.0,0.0,0.0,0.0
1663722050604424101,0.0,0.0,0.0,0.0,0.0,0.0
1663722050624608831,0.0,0.0,0.0,0.0,0.0,0.0
1663722050644900754,0.0,0.0,0.0,0.0,0.0,0.0
1663722050665093171,0.0,0.0,0.0,0.0,0.0,0.0
1663722050685311501,0.0,0.0,0.0,0.0,0.0,0.0
1663722050705539749,0.0,0.0,0.0,0.0,0.0,0.0
1663722050725791116,0.0,0.0,0.0,0.0,0.0,0.0
1663722050745970419,0.0,0.0,0.0,0.0,0.0,0.0
1663722050766161628,0.0,0.0,0.0,0.0,0.0,0.0
1663722050786340149,0.0,0.0,0.0,0.0,0.0,0.0
1663722050806483064,0.0,0.0,0.0,0.0,0.0,0.0
1663722050826787238,0.0,0.0,0.0,0.0,0.0,0.0
1663722050846858986,0.0,0.0,0.0,0.0,0.0,0.0
1663722050867160365,0.0,0.0,0.0,0.0,0.0,0.0
1663722050887401191,0.0,0.0,0.0,0.0,0.0,0.0
1663722050907591472,0.0,0.0,0.0,0.0,0.0,0.0
1663722050927882374,0.0,0.0,0.0,0.0,0.0,0.0
1663722050949054233,0.0,0.0,0.0,0.0,0.0,0.0
1663722050968220020,0.0,0.0,0.0,0.0,0.0,0.0
1663722050991026251,0.0,0.0,0.0,0.0,0.0,0.0
1663722051011335419,0.0,0.0,0.0,0.0,0.0,0.0
1663722051032812601,0.0,0.0,0.0,0.0,0.0,0.0
1663722051052978841,0.0,0.0,0.0,0.0,0.0,0.0
1663722051075596912,0.0,0.0,0.0,0.0,0.0,0.0
1663722051095916859,0.0,0.0,0.0,0.0,0.0,0.0
1663722051118439047,0.0,0.0,0.0,0.0,0.0,0.0
1663722051138708930,0.0,0.0,0.0,0.0,0.0,0.0
1663722051160302775,0.0,0.0,0.0,0.0,0.0,0.0
1663722051179108767,0.0,0.0,0.0,0.0,0.0,0.0
1663722051199333795,0.0,0.0,0.0,0.0,0.0,0.0
1663722051219650643,0.0,0.0,0.0,0.0,0.0,0.0
1663722051239767635,0.0,0.0,0.0,0.0,0.0,0.0
1663722051260006504,0.0,0.0,0.0,0.0,0.0,0.0
1663722051280956646,0.0,0.0,0.0,0.0,0.0,0.0
1663722051301182163,0.0,0.0,0.0,0.0,0.0,0.0
1663722051321341113,0.0,0.0,0.0,0.0,0.0,0.0
1663722051341497903,0.0,0.0,0.0,0.0,0.0,0.0
1663722051361773628,0.0,0.0,0.0,0.0,0.0,0.0
1663722051381954830,0.0,0.0,0.0,0.0,0.0,0.0
1663722051402220649,0.0,0.0,0.0,0.0,0.0,0.0
1663722051422384722,0.0,0.0,0.0,0.0,0.0,0.0
1663722051442593989,0.0,0.0,0.0,0.0,0.0,0.0
1663722051462778919,0.0,0.0,0.0,0.0,0.0,0.0
1663722051483137739,0.0,0.0,0.0,0.0,0.0,0.0
1663722051503654499,0.0,0.0,0.0,0.0,0.0,0.0
1663722051523882482,0.0,0.0,0.0,0.0,0.0,0.0
1663722051544657285,0.0,0.0,0.0,0.0,0.0,0.0
1663722051564333218,0.0,0.0,0.0,0.0,0.0,0.0
1663722051584920931,0.0,0.0,0.0,0.0,0.0,0.0
1663722051604891849,0.0,0.0,0.0,0.0,0.0,0.0
1663722051627830833,0.0,0.0,0.0,0.0,0.0,0.0
1663722051648000706,0.0,0.0,0.0,0.0,0.0,0.0
1663722051668957045,0.0,0.0,0.0,0.0,0.0,0.0
1663722051688445301,0.0,0.0,0.0,0.0,0.0,0.0
1663722051708668168,0.0,0.0,0.0,0.0,0.0,0.0
1663722051728828231,0.0,0.0,0.0,0.0,0.0,0.0
1663722051749048117,0.0,0.0,0.0,0.0,0.0,0.0
1663722051769282334,0.0,0.0,0.0,0.0,0.0,0.0
1663722051789471815,0.0,0.0,0.0,0.0,0.0,0.0
1663722051809656885,0.0,0.0,0.0,0.0,0.0,0.0
1663722051829803316,0.0,0.0,0.0,0.0,0.0,0.0
1663722051850024775,0.0,0.0,0.0,0.0,0.0,0.0
1663722051870190249,0.0,0.0,0.0,0.0,0.0,0.0
1663722051890398181,0.0,0.0,0.0,0.0,0.0,0.0
1663722051910642892,0.0,0.0,0.0,0.0,0.0,0.0
1663722051930819101,0.0,0.0,0.0,0.0,0.0,0.0
1663722051950990930,0.0,0.0,0.0,0.0,0.0,0.0
1663722051971248493,0.0,0.0,0.0,0.0,0.0,0.0
1663722051991354765,0.0,0.0,0.0,0.0,0.0,0.0
1663722052011674090,0.0,0.0,0.0,0.0,0.0,0.0
1663722052031924530,0.0,0.0,0.0,0.0,0.0,0.0
1663722052052228900,0.0,0.0,0.0,0.0,0.0,0.0
1663722052072427122,0.0,0.0,0.0,0.0,0.0,0.0
1663722052092569353,0.0,0.0,0.0,0.0,0.0,0.0
1663722052112762201,0.0,0.0,0.0,0.0,0.0,0.0
1663722052132960031,0.0,0.0,0.0,0.0,0.0,0.0
1663722052153149943,0.0,0.0,0.0,0.0,0.0,0.0
1663722052173331552,0.0,0.0,0.0,0.0,0.0,0.0
1663722052193489261,0.0,0.0,0.0,0.0,0.0,0.0
1663722052213723987,0.0,0.0,0.0,0.0,0.0,0.0
1663722052233844499,0.0,0.0,0.0,0.0,0.0,0.0
1663722052254023737,0.0,0.0,0.0,0.0,0.0,0.0
1663722052274205090,0.0,0.0,0.0,0.0,0.0,0.0
1663722052294610798,0.0,0.0,0.0,0.0,0.0,0.0
1663722052314844741,0.0,0.0,0.0,0.0,0.0,0.0
1663722052335038700,0.0,0.0,0.0,0.0,0.0,0.0
1663722052355268824,0.0,0.0,0.0,0.0,0.0,0.0
1663722052375535832,0.0,0.0,0.0,0.0,0.0,0.0
1663722052395626303,0.0,0.0,0.0,0.0,0.0,0.0
1663722052415813182,0.0,0.0,0.0,0.0,0.0,0.0
1663722052436162028,0.0,0.0,0.0,0.0,0.0,0.0
1663722052456398558,0.0,0.0,0.0,0.0,0.0,0.0
1663722052480490219,0.0,0.0,0.0,0.0,0.0,0.0
1663722052496930695,0.0,0.0,0.0,0.0,0.0,0.0
1663722052517081851,0.0,0.0,0.0,0.0,0.0,0.0
1663722052537316234,0.0,0.0,0.0,0.0,0.0,0.0
1663722052557636120,0.0,0.0,0.0,0.0,0.0,0.0
1663722052578007423,0.0,0.0,0.0,0.0,0.0,0.0
1663722052598148913,0.0,0.0,0.0,0.0,0.0,0.0
1663722052618358623,0.0,0.0,0.0,0.0,0.0,0.0
1663722052638575365,0.0,0.0,0.0,0.0,0.0,0.0
1663722052658883631,0.0,0.0,0.0,0.0,0.0,0.0
1663722052679075407,0.0,0.0,0.0,0.0,0.0,0.0
1663722052699393814,0.0,0.0,0.0,0.0,0.0,0.0
1663722052721165028,0.0,0.0,0.0,0.0,0.0,0.0
1663722052741320258,0.0,0.0,0.0,0.0,0.0,0.0
1663722052762655689,0.0,0.0,0.0,0.0,0.0,0.0
1663722052781687197,0.0,0.0,0.0,0.0,0.0,0.0
1663722052802074619,0.0,0.0,0.0,0.0,0.0,0.0
1663722052822183004,0.0,0.0,0.0,0.0,0.0,0.0
1663722052842385417,0.0,0.0,0.0,0.0,0.0,0.0
1663722052862696447,0.0,0.0,0.0,0.0,0.0,0.0
1663722052882865184,0.0,0.0,0.0,0.0,0.0,0.0
1663722052903036794,0.0,0.0,0.0,0.0,0.0,0.0
1663722052923262422,0.0,0.0,0.0,0.0,0.0,0.0
1663722052943447790,0.0,0.0,0.0,0.0,0.0,0.0
1663722052963677423,0.0,0.0,0.0,0.0,0.0,0.0
1663722052983826129,0.0,0.0,0.0,0.0,0.0,0.0
1663722053003999008,0.0,0.0,0.0,0.0,0.0,0.0
1663722053024286316,0.0,0.0,0.0,0.0,0.0,0.0
1663722053044638142,0.0,0.0,0.0,0.0,0.0,0.0
1663722053065097396,0.0,0.0,0.0,0.0,0.0,0.0
1663722053084994454,0.0,0.0,0.0,0.0,0.0,0.0
1663722053105529382,0.0,0.0,0.0,0.0,0.0,0.0
1663722053125773550,0.0,0.0,0.0,0.0,0.0,0.0
1663722053146119584,0.0,0.0,0.0,0.0,0.0,0.0
1663722053166265082,0.0,0.0,0.0,0.0,0.0,0.0
1663722053186436201,0.0,0.0,0.0,0.0,0.0,0.0
1663722053206606892,0.0,0.0,0.0,0.0,0.0,0.0
1663722053226951856,0.0,0.0,0.0,0.0,0.0,0.0
1663722053247169094,0.0,0.0,0.0,0.0,0.0,0.0
1663722053267376442,0.0,0.0,0.0,0.0,0.0,0.0
1663722053287535264,0.0,0.0,0.0,0.0,0.0,0.0
1663722053307752696,0.0,0.0,0.0,0.0,0.0,0.0
1663722053327902645,0.0,0.0,0.0,0.0,0.0,0.0
1663722053347977440,0.0,0.0,0.0,0.0,0.0,0.0
1663722053368215847,0.0,0.0,0.0,0.0,0.0,0.0
1663722053388421030,0.0,0.0,0.0,0.0,0.0,0.0
1663722053408705926,0.0,0.0,0.0,0.0,0.0,0.0
1663722053428890652,0.0,0.0,0.0,0.0,0.0,0.0
1663722053449158843,0.0,0.0,0.0,0.0,0.0,0.0
1663722053469397633,0.0,0.0,0.0,0.0,0.0,0.0
1663722053489591588,0.0,0.0,0.0,0.0,0.0,0.0
1663722053510040931,0.0,0.0,0.0,0.0,0.0,0.0
1663722053530251802,0.0,0.0,0.0,0.0,0.0,0.0
1663722053550434545,0.0,0.0,0.0,0.0,0.0,0.0
1663722053571128286,0.0,0.0,0.0,0.0,0.0,0.0
1663722053590985912,0.0,0.0,0.0,0.0,0.0,0.0
1663722053611186461,0.0,0.0,0.0,0.0,0.0,0.0
1663722053631332630,0.0,0.0,0.0,0.0,0.0,0.0
1663722053651548125,0.0,0.0,0.0,0.0,0.0,0.0
1663722053671742844,0.0,0.0,0.0,0.0,0.0,0.0
1663722053691962947,0.0,0.0,0.0,0.0,0.0,0.0
1663722053712138488,0.0,0.0,0.0,0.0,0.0,0.0
1663722053732441979,0.0,0.0,0.0,0.0,0.0,0.0
1663722053752609473,0.0,0.0,0.0,0.0,0.0,0.0
1663722053772853042,0.0,0.0,0.0,0.0,0.0,0.0
1663722053792962570,0.0,0.0,0.0,0.0,0.0,0.0
1663722053813224025,0.0,0.0,0.0,0.0,0.0,0.0
1663722053833392730,0.0,0.0,0.0,0.0,0.0,0.0
1663722053853574775,0.0,0.0,0.0,0.0,0.0,0.0
1663722053873851438,0.0,0.0,0.0,0.0,0.0,0.0
1663722053894057737,0.0,0.0,0.0,0.0,0.0,0.0
1663722053914386492,0.0,0.0,0.0,0.0,0.0,0.0
1663722053934804196,0.0,0.0,0.0,0.0,0.0,0.0
1663722053955095335,0.0,0.0,0.0,0.0,0.0,0.0
1663722053975416847,0.0,0.0,0.0,0.0,0.0,0.0
1663722053995776820,0.0,0.0,0.0,0.0,0.0,0.0
1663722054015849686,0.0,0.0,0.0,0.0,0.0,0.0
1663722054037714084,0.0,0.0,0.0,0.0,0.0,0.0
1663722054058061143,0.0,0.0,0.0,0.0,0.0,0.0
1663722054078281824,0.0,0.0,0.0,0.0,0.0,0.0
1663722054098688005,0.0,0.0,0.0,0.0,0.0,0.0
1663722054120098436,0.0,0.0,0.0,0.0,0.0,0.0
1663722054138935214,0.0,0.0,0.0,0.0,0.0,0.0
1663722054159155363,0.0,0.0,0.0,0.0,0.0,0.0
1663722054179310565,0.0,0.0,0.0,0.0,0.0,0.0
1663722054199672035,0.0,0.0,0.0,0.0,0.0,0.0
1663722054219832342,0.0,0.0,0.0,0.0,0.0,0.0
1663722054240076442,0.0,0.0,0.0,0.0,0.0,0.0
1663722054260228516,0.0,0.0,0.0,0.0,0.0,0.0
1663722054280378155,0.0,0.0,0.0,0.0,0.0,0.0
1663722054300509340,0.0,0.0,0.0,0.0,0.0,0.0
1663722054320672150,0.0,0.0,0.0,0.0,0.0,0.0
1663722054340840797,0.0,0.0,0.0,0.0,0.0,0.0
1663722054361057782,0.0,0.0,0.0,0.0,0.0,0.0
1663722054381223272,0.0,0.0,0.0,0.0,0.0,0.0
1663722054401453962,0.0,0.0,0.0,0.0,0.0,0.0
1663722054421536620,0.0,0.0,0.0,0.0,0.0,0.0
1663722054441749919,0.0,0.0,0.0,0.0,0.0,0.0
1663722054461939037,0.0,0.0,0.0,0.0,0.0,0.0
1663722054482153246,0.0,0.0,0.0,0.0,0.0,0.0
1663722054502406015,0.0,0.0,0.0,0.0,0.0,0.0
1663722054522650388,0.0,0.0,0.0,0.0,0.0,0.0
1663722054542857318,0.0,0.0,0.0,0.0,0.0,0.0
1663722054563187024,0.0,0.0,0.0,0.0,0.0,0.0
1663722054583382644,0.0,0.0,0.0,0.0,0.0,0.0
1663722054603675588,0.0,0.0,0.0,0.0,0.0,0.0
1663722054623884313,0.0,0.0,0.0,0.0,0.0,0.0
1663722054644056998,0.0,0.0,0.0,0.0,0.0,0.0
1663722054664272433,0.0,0.0,0.0,0.0,0.0,0.0
1663722054684611042,0.0,0.0,0.0,0.0,0.0,0.0
1663722054704822282,0.0,0.0,0.0,0.0,0.0,0.0
1663722054724966107,0.0,0.0,0.0,0.0,0.0,0.0
1663722054745243829,0.0,0.0,0.0,0.0,0.0,0.0
1663722054765412186,0.0,0.0,0.0,0.0,0.0,0.0
1663722054785549295,0.0,0.0,0.0,0.0,0.0,0.0
1663722054806000283,0.0,0.0,0.0,0.0,0.0,0.0
1663722054826151585,0.0,0.0,0.0,0.0,0.0,0.0
1663722054846289648,0.0,0.0,0.0,0.0,0.0,0.0
1663722054866606537,0.0,0.0,0.0,0.0,0.0,0.0
1663722054886679282,0.0,0.0,0.0,0.0,0.0,0.0
1663722054906938558,0.0,0.0,0.0,0.0,0.0,0.0
1663722054927012564,0.0,0.0,0.0,0.0,0.0,0.0
1663722054947230648,0.0,0.0,0.0,0.0,0.0,0.0
1663722054967422840,0.0,0.0,0.0,0.0,0.0,0.0
1663722054987601511,0.0,0.0,0.0,0.0,0.0,0.0
1663722055007811492,0.0,0.0,0.0,0.0,0.0,0.0
1663722055027993265,0.0,0.0,0.0,0.0,0.0,0.0
1663722055048153460,0.0,0.0,0.0,0.0,0.0,0.0
1663722055068357307,0.0,0.0,0.0,0.0,0.0,0.0
1663722055088514375,0.0,0.0,0.0,0.0,0.0,0.0
1663722055108723928,0.0,0.0,0.0,0.0,0.0,0.0
1663722055129157926,0.0,0.0,0.0,0.0,0.0,0.0
1663722055149381540,0.0,0.0,0.0,0.0,0.0,0.0
1663722055169567504,0.0,0.0,0.0,0.0,0.0,0.0
1663722055189871774,0.0,0.0,0.0,0.0,0.0,0.0
1663722055210083319,0.0,0.0,0.0,0.0,0.0,0.0
1663722055230586191,0.0,0.0,0.0,0.0,0.0,0.0
1663722055250958138,0.0,0.0,0.0,0.0,0.0,0.0
1663722055271201653,0.0,0.0,0.0,0.0,0.0,0.0
1663722055291476126,0.0,0.0,0.0,0.0,0.0,0.0
1663722055311624794,0.0,0.0,0.0,0.0,0.0,0.0
1663722055331923925,0.0,0.0,0.0,0.0,0.0,0.0
1663722055352028787,0.0,0.0,0.0,0.0,0.0,0.0
1663722055372345093,0.0,0.0,0.0,0.0,0.0,0.0
1663722055392455648,0.0,0.0,0.0,0.0,0.0,0.0
1663722055412614297,0.0,0.0,0.0,0.0,0.0,0.0
1663722055432834319,0.0,0.0,0.0,0.0,0.0,0.0
1663722055453065655,0.0,0.0,0.0,0.0,0.0,0.0
1663722055474675919,0.0,0.0,0.0,0.0,0.0,0.0
1663722055494904994,0.0,0.0,0.0,0.0,0.0,0.0
1663722055515228700,0.0,0.0,0.0,0.0,0.0,0.0
1663722055535417156,0.0,0.0,0.0,0.0,0.0,0.0
1663722055555638169,0.0,0.0,0.0,0.0,0.0,0.0
1663722055575780919,0.0,0.0,0.0,0.0,0.0,0.0
1663722055596098320,0.0,0.0,0.0,0.0,0.0,0.0
1663722055616231711,0.0,0.0,0.0,0.0,0.0,0.0
1663722055636420002,0.0,0.0,0.0,0.0,0.0,0.0
1663722055656573339,0.0,0.0,0.0,0.0,0.0,0.0
1663722055676824937,0.0,0.0,0.0,0.0,0.0,0.0
1663722055696938226,0.0,0.0,0.0,0.0,0.0,0.0
1663722055717214498,0.0,0.0,0.0,0.0,0.0,0.0
1663722055737259636,0.0,0.0,0.0,0.0,0.0,0.0
1663722055757539852,0.0,0.0,0.0,0.0,0.0,0.0
1663722055778017379,0.0,0.0,0.0,0.0,0.0,0.0
1663722055798207915,0.0,0.0,0.0,0.0,0.0,0.0
1663722055818454882,0.0,0.0,0.0,0.0,0.0,0.0
1663722055838592300,0.0,0.0,0.0,0.0,0.0,0.0
1663722055860300091,0.0,0.0,0.0,0.0,0.0,0.0
1663722055880440034,0.0,0.0,0.0,0.0,0.0,0.0
1663722055902218165,0.0,0.0,0.0,0.0,0.0,0.0
1663722055922548782,0.0,0.0,0.0,0.0,0.0,0.0
1663722055942989803,0.0,0.0,0.0,0.0,0.0,0.0
1663722055963136932,0.0,0.0,0.0,0.0,0.0,0.0
1663722055983854463,0.0,0.0,0.0,0.0,0.0,0.0
1663722056003987498,0.0,0.0,0.0,0.0,0.0,0.0
1663722056024273642,0.0,0.0,0.0,0.0,0.0,0.0
1663722056044513076,0.0,0.0,0.0,0.0,0.0,0.0
1663722056064692420,0.0,0.0,0.0,0.0,0.0,0.0
1663722056084901529,0.0,0.0,0.0,0.0,0.0,0.0
1663722056105229004,0.0,0.0,0.0,0.0,0.0,0.0
1663722056125372907,0.0,0.0,0.0,0.0,0.0,0.0
1663722056145542877,0.0,0.0,0.0,0.0,0.0,0.0
1663722056165792856,0.0,0.0,0.0,0.0,0.0,0.0
1663722056185959979,0.0,0.0,0.0,0.0,0.0,0.0
1663722056206161636,0.0,0.0,0.0,0.0,0.0,0.0
1663722056226395199,0.0,0.0,0.0,0.0,0.0,0.0
1663722056246651737,0.0,0.0,0.0,0.0,0.0,0.0
1663722056266954784,0.0,0.0,0.0,0.0,0.0,0.0
1663722056287217030,0.0,0.0,0.0,0.0,0.0,0.0
1663722056307360561,0.0,0.0,0.0,0.0,0.0,0.0
1663722056327659041,0.0,0.0,0.0,0.0,0.0,0.0
1663722056347845684,0.0,0.0,0.0,0.0,0.0,0.0
1663722056368031080,0.0,0.0,0.0,0.0,0.0,0.0
1663722056388169917,0.0,0.0,0.0,0.0,0.0,0.0
1663722056408507451,0.0,0.0,0.0,0.0,0.0,0.0
1663722056428646352,0.0,0.0,0.0,0.0,0.0,0.0
1663722056448819605,0.0,0.0,0.0,0.0,0.0,0.0
1663722056468991970,0.0,0.0,0.0,0.0,0.0,0.0
1663722056489220321,0.0,0.0,0.0,0.0,0.0,0.0
1663722056509353536,0.0,0.0,0.0,0.0,0.0,0.0
1663722056529691186,0.0,0.0,0.0,0.0,0.0,0.0
1663722056549875289,0.0,0.0,0.0,0.0,0.0,0.0
1663722056570077539,0.0,0.0,0.0,0.0,0.0,0.0
1663722056590209867,0.0,0.0,0.0,0.0,0.0,0.0
1663722056610369780,0.0,0.0,0.0,0.0,0.0,0.0
1663722056630718760,0.0,0.0,0.0,0.0,0.0,0.0
1663722056651004314,0.0,0.0,0.0,0.0,0.0,0.0
1663722056672097489,0.0,0.0,0.0,0.0,0.0,0.0
1663722056692178912,0.0,0.0,0.0,0.0,0.0,0.0
1663722056712511378,0.0,0.0,0.0,0.0,0.0,0.0
1663722056732766506,0.0,0.0,0.0,0.0,0.0,0.0
1663722056752920483,0.0,0.0,0.0,0.0,0.0,0.0
1663722056773108568,0.0,0.0,0.0,0.0,0.0,0.0
1663722056793319094,0.0,0.0,0.0,0.0,0.0,0.0
1663722056813476300,0.0,0.0,0.0,0.0,0.0,0.0
1663722056833798352,0.0,0.0,0.0,0.0,0.0,0.0
1663722056853938200,0.0,0.0,0.0,0.0,0.0,0.0
1663722056874171479,0.0,0.0,0.0,0.0,0.0,0.0
1663722056894362021,0.0,0.0,0.0,0.0,0.0,0.0
1663722056914770987,0.0,0.0,0.0,0.0,0.0,0.0
1663722056934953411,0.0,0.0,0.0,0.0,0.0,0.0
1663722056955134586,0.0,0.0,0.0,0.0,0.0,0.0
1663722056975448704,0.0,0.0,0.0,0.0,0.0,0.0
1663722056995516693,0.0,0.0,0.0,0.0,0.0,0.0
1663722057015740993,0.0,0.0,0.0,0.0,0.0,0.0
1663722057035960416,0.0,0.0,0.0,0.0,0.0,0.0
1663722057056176866,0.0,0.0,0.0,0.0,0.0,0.0
1663722057076264603,0.0,0.0,0.0,0.0,0.0,0.0
1663722057096564961,0.0,0.0,0.0,0.0,0.0,0.0
1663722057116646540,0.0,0.0,0.0,0.0,0.0,0.0
1663722057136851169,0.0,0.0,0.0,0.0,0.0,0.0
1663722057157036438,0.0,0.0,0.0,0.0,0.0,0.0
1663722057177183453,0.0,0.0,0.0,0.0,0.0,0.0
1663722057197411193,0.0,0.0,0.0,0.0,0.0,0.0
1663722057217691723,0.0,0.0,0.0,0.0,0.0,0.0
